Name,Direct downloads,Indirect downloads,Total
Rcpp,68962,383978,452940
R6,191397,235869,427266
tibble,42433,357818,400251
ggplot2,118819,273909,392728
stringi,35783,288642,324425
stringr,35336,284097,319433
curl,118778,190638,309416
lazyeval,11388,293455,304843
digest,20235,280828,301063
DBI,46767,241579,288346
jsonlite,27546,253646,281192
plyr,31383,245962,277345
magrittr,16450,254543,270993
reshape2,31906,230319,262225
scales,23858,231565,255423
BH,35957,217080,253037
htmltools,21334,229570,250904
assertthat,32306,217559,249865
RColorBrewer,26929,221510,248439
colorspace,15049,220969,236018
knitr,11455,209107,220562
dplyr,93201,125868,219069
mime,18434,198905,217339
munsell,19978,196739,216717
gtable,16098,200241,216339
labeling,20589,191165,211754
dichromat,8428,202744,211172
markdown,9454,194910,204364
yaml,20674,174731,195405
memoise,77870,114113,191983
backports,35080,147799,182879
rmarkdown,13885,163192,177077
evaluate,16301,159907,176208
httr,12519,163650,176169
data.table,66378,108778,175156
readr,119770,54582,174352
base64enc,20760,151430,172190
XML,93408,78104,171512
tidyr,83696,85969,169665
openssl,20350,148870,169220
bitops,9464,157109,166573
devtools,122266,42299,164565
shiny,51225,110319,161544
highr,17103,142822,159925
zoo,21018,135549,156567
rJava,40921,109880,150801
RcppEigen,27475,123173,150648
rlang,16747,133555,150302
lme4,27164,118087,145251
caTools,27063,117731,144794
xtable,24068,120485,144553
car,57355,80022,137377
SparseM,15264,120832,136096
htmlwidgets,8479,125245,133724
Hmisc,42331,90436,132767
quantreg,14636,113968,128604
hms,13101,114487,127588
sourcetools,12944,114018,126962
viridisLite,97785,28103,125888
rprojroot,14058,111607,125665
lubridate,86934,38052,124986
gridExtra,28611,93600,122211
readxl,78657,39188,117845
viridis,23551,91146,114697
foreach,4013,107579,111592
iterators,6009,105168,111177
psych,63109,47821,110930
httpuv,11315,99202,110517
RcppArmadillo,27476,82303,109779
nloptr,11735,97274,109009
pbkrtest,5821,101622,107443
Matrix,33529,70403,103932
minqa,10866,92837,103703
tidyverse,100186,2638,102824
formatR,50930,51186,102116
mvtnorm,11857,88771,100628
foreign,69661,30854,100515
cellranger,9641,90768,100409
MatrixModels,4425,95003,99428
rematch,5170,93763,98933
MASS,20431,78074,98505
RCurl,23487,71253,94740
purrr,18815,72985,91800
rstudioapi,10191,81201,91392
git2r,10531,80656,91187
survival,11842,79179,91021
withr,2806,87963,90769
whisker,11345,79041,90386
lmtest,32939,53061,86e3
forecast,35539,49226,84765
irlba,31495,52584,84079
gtools,8586,74701,83287
RODBC,78929,4064,82993
Formula,8862,74072,82934
sp,8677,73697,82374
e1071,35606,46247,81853
latticeExtra,10355,70271,80626
gdata,6690,72602,79292
mnormt,8329,70112,78441
checkmate,4317,73633,77950
htmlTable,8211,69528,77739
xml2,8510,68426,76936
rpart,43280,33501,76781
igraph,29751,45915,75666
acepack,10207,65347,75554
doParallel,13129,61849,74978
caret,52543,19626,72169
lattice,9593,59942,69535
testthat,816,67598,68414
sandwich,6131,61583,67714
registry,2938,63811,66749
RMySQL,57653,7438,65091
pkgmaker,1567,62693,64260
crayon,7608,56571,64179
rngtools,8560,55532,64092
NMF,8990,55014,64004
gridBase,10980,51734,62714
RSQLite,12935,49484,62419
quadprog,7229,54295,61524
xlsx,58452,2842,61294
gplots,23975,35472,59447
boot,40607,17875,58482
rgl,20361,37932,58293
tseries,14027,44257,58284
cluster,35155,21556,56711
praise,6333,49013,55346
plogr,5628,49264,54892
abind,6810,47529,54339
rjson,15035,38656,53691
plotly,36378,17293,53671
maps,9148,44419,53567
png,8982,44477,53459
coda,4887,48350,53237
randomForest,32113,21080,53193
xts,5329,47295,52624
broom,15189,37403,52592
mclust,23766,28768,52534
glmnet,34884,17282,52166
reshape,18919,32766,51685
rvest,18986,31706,50692
multcomp,12827,37080,49907
crosstalk,8542,40856,49398
xlsxjars,11041,37881,48922
haven,18167,30742,48909
tm,18445,30353,48798
TH.data,7414,41202,48616
hexbin,7298,41196,48494
flexmix,19719,28065,47784
modeltools,4074,43618,47692
nlme,6047,40583,46630
expsmooth,6769,38293,45062
plotrix,25148,19746,44894
robustbase,6591,38009,44600
chron,5526,38951,44477
scatterplot3d,18223,25691,43914
rgdal,15324,28393,43717
kernlab,10158,32951,43109
selectr,4189,38499,42688
DEoptimR,6396,35487,41883
ModelMetrics,4331,37057,41388
proto,4650,36693,41343
maptools,7824,33020,40844
jpeg,8021,32419,40440
timeDate,3696,36475,40171
wordcloud,33164,6652,39816
mgcv,23827,15476,39303
quantmod,28313,9626,37939
RJSONIO,12973,24726,37699
leaps,15418,21910,37328
expm,6826,28841,35667
numDeriv,2875,32547,35422
raster,11494,23634,35128
slam,4121,30567,34688
matrixStats,26108,7396,33504
forcats,5922,27509,33431
modelr,3103,29572,32675
DT,18748,13659,32407
NLP,5821,26005,31826
fpc,4725,26968,31693
packrat,16523,14808,31331
mapproj,2478,27676,30154
ggmap,27970,1730,29700
dendextend,8248,21422,29670
vcd,8751,20722,29473
brew,6005,23354,29359
diptest,1931,27162,29093
TTR,8657,20394,29051
deldir,5248,23625,28873
gmodels,14948,13922,28870
fracdiff,4128,24432,28560
rgeos,7155,21383,28538
ROCR,11904,16627,28531
fields,11417,16925,28342
prabclus,3953,24266,28219
R.methodsS3,4992,22811,27803
corrplot,24470,3304,27774
trimcluster,3305,24441,27746
rsconnect,24835,2142,26977
vegan,9677,17011,26688
geosphere,5943,20466,26409
bit,6063,20200,26263
snow,18643,7299,25942
bit64,11764,13971,25735
coin,3779,21618,25397
ape,8705,16379,25084
arm,7342,17563,24905
R.utils,8449,15956,24405
party,14423,9980,24403
R.oo,1912,22442,24354
rpart.plot,18156,5975,24131
ellipse,5041,18914,23955
spdep,7987,15893,23880
swirl,23565,243,23808
strucchange,1767,21701,23468
XLConnect,23042,336,23378
sqldf,22437,922,23359
futile.logger,19272,3939,23211
SnowballC,7696,15463,23159
roxygen2,8908,14157,23065
installr,22549,199,22748
XLConnectJars,2753,19868,22621
locfit,15699,6780,22479
GGally,15787,6515,22302
ade4,10433,11855,22288
lambda.r,1567,20584,22151
RgoogleMaps,4676,17460,22136
fpp,2017,20002,22019
fma,1448,20529,21977
sem,8960,12947,21907
pROC,14262,7601,21863
corpcor,7161,14499,21660
covr,689,20499,21188
combinat,4157,16846,21003
seriation,6387,14424,20811
futile.options,1185,19620,20805
codetools,13827,6733,20560
RWeka,15048,5496,20544
rattle,19788,714,20502
progress,18706,1796,20502
prettyunits,1306,18772,20078
ggrepel,9631,10217,19848
mice,10507,9326,19833
ggthemes,16460,3009,19469
PKI,2365,16923,19288
mlbench,8304,10674,18978
stringdist,9069,9837,18906
spam,2729,16123,18852
Rcmdr,7592,11140,18732
effects,10579,8101,18680
arules,11449,7205,18654
rex,3246,15335,18581
rms,5755,12470,18225
gsubfn,3519,14667,18186
permute,3723,14281,18004
FNN,5427,12528,17955
nortest,12631,4981,17612
commonmark,5255,12259,17514
timeSeries,2926,14568,17494
desc,4780,12684,17464
nycflights13,10340,6813,17153
gbm,11042,5905,16947
pryr,13089,3734,16823
miniUI,4835,11954,16789
nnet,5958,10740,16698
RPostgreSQL,11279,5374,16653
matrixcalc,3784,12630,16414
rappdirs,7376,8771,16147
fastmatch,3356,12747,16103
LearnBayes,3759,12331,16090
FactoMineR,9261,6787,16048
gclus,3207,12727,15934
pls,6180,9752,15932
openxlsx,13024,2848,15872
leaflet,11482,4277,15759
lpSolve,4366,11317,15683
TSP,3236,12401,15637
RGtk2,5227,10218,15445
hunspell,6551,8744,15295
lavaan,3769,11364,15133
openNLPdata,7593,7479,15072
klaR,6888,8106,14994
arulesViz,9560,5430,14990
fBasics,2687,12286,14973
qap,2708,12073,14781
shinydashboard,14201,556,14757
tcltk2,3733,10837,14570
mi,2920,11579,14499
moments,12541,1917,14458
StanHeaders,2623,11834,14457
RWekajars,6026,8328,14354
stabledist,2536,11761,14297
VGAM,6916,7299,14215
RcmdrMisc,3052,11108,14160
plm,7922,6232,14154
tree,11512,2609,14121
Cairo,9944,4032,13976
visNetwork,7319,6391,13710
AER,5572,8121,13693
neuralnet,11463,2225,13688
network,2018,11600,13618
misc3d,1476,12127,13603
relimp,1842,11742,13584
lsmeans,8139,5399,13538
segmented,6771,6734,13505
gss,3305,10187,13492
cubature,7311,6099,13410
stargazer,12806,326,13132
PerformanceAnalytics,8851,4234,13085
twitteR,12364,638,13002
TeachingDemos,3903,9059,12962
DiagrammeR,8832,3954,12786
xgboost,11972,708,12680
ISLR,12647,5,12652
remotes,12587,30,12617
survey,4480,8099,12579
sna,1646,10926,12572
proxy,4306,8236,12542
gam,5723,6758,12481
gdtools,3250,9195,12445
Lahman,7074,5284,12358
RUnit,1230,11082,12312
urca,4444,7807,12251
statmod,7125,5090,12215
sf,6095,6079,12174
flashClust,1571,10594,12165
KoNLP,12146,9,12155
class,8523,3613,12136
deSolve,5343,6754,12097
partykit,5263,6804,12067
bdsmatrix,2007,9925,11932
uuid,4989,6781,11770
spatstat,4855,6905,11760
archdata,11698,0,11698
pcaPP,2094,9568,11662
sparklyr,11228,389,11617
prodlim,1512,10048,11560
h2o,10918,520,11438
lava,1251,10132,11383
Rook,1443,9888,11331
rjags,7126,4169,11295
shinyjs,5216,5999,11215
rgexf,4886,6304,11190
manipulate,7387,3796,11183
corrgram,10094,1073,11167
ipred,3510,7626,11136
qdap,8006,3014,11020
rstan,4898,6114,11012
udunits2,1171,9828,10999
units,2614,8366,10980
earth,1489,9438,10927
VIM,6454,4461,10915
RJDBC,10159,698,10857
statnet.common,384,10467,10851
animation,5793,4998,10791
goftest,5275,5471,10746
gmp,3481,7221,10702
spatstat.utils,10496,163,10659
classInt,4890,5699,10589
agricolae,9588,950,10538
ks,4396,6124,10520
plotmo,3802,6563,10365
polspline,2050,8277,10327
pbivnorm,1402,8899,10301
ggsci,1854,8422,10276
microbenchmark,3224,6988,10212
gstat,2195,7942,10137
influenceR,4268,5794,10062
lintr,3210,6767,9977
V8,3714,6228,9942
miscTools,2289,7619,9908
RANN,3980,5887,9867
hash,6005,3854,9859
googleVis,8089,1587,9676
fitdistrplus,8406,1267,9673
downloader,8473,1190,9663
ggpubr,2645,7009,9654
itertools,1187,8378,9565
pander,6041,3516,9557
extrafont,6556,2943,9499
config,4938,4502,9440
inline,1786,7639,9425
aplpack,7072,2259,9331
GlobalOptions,3645,5625,9270
truncnorm,2212,7052,9264
getopt,4837,4406,9243
dtplyr,5035,4207,9242
StatMatch,8845,363,9208
rrcov,2950,6188,9138
ggvis,8647,335,8982
pbapply,4135,4824,8959
pracma,7688,1232,8920
ff,2938,5939,8877
ggdendro,3181,5672,8853
pastecs,8587,215,8802
seqinr,5913,2880,8793
polyclip,1097,7678,8775
lmerTest,6198,2474,8672
openNLP,3714,4947,8661
msm,3333,5328,8661
splancs,2897,5763,8660
filehash,3230,5418,8648
maxLik,2534,6051,8585
fGarch,6227,2352,8579
svglite,2027,6488,8515
actuar,6660,1853,8513
BDgraph,8247,102,8349
vars,6414,1934,8348
mcmc,2985,5338,8323
webshot,2926,5313,8239
ncdf4,5343,2891,8234
MCMCpack,3941,4262,8203
shape,1934,6250,8184
mosaic,2784,5393,8177
C50,6226,1895,8121
gsl,2515,5594,8109
lars,3232,4819,8051
sm,3415,4620,8035
pwr,7141,855,7996
RcppParallel,2201,5791,7992
spacetime,1542,6421,7963
intervals,1516,6438,7954
qgraph,3045,4905,7950
GPArotation,3450,4491,7941
dygraphs,5919,2013,7932
rticles,7914,12,7926
rugarch,6254,1649,7903
doBy,6388,1512,7900
estimability,1220,6652,7872
shinythemes,5934,1936,7870
RcppProgress,1625,6208,7833
sfsmisc,1723,6074,7797
mapdata,2924,4866,7790
pscl,5650,2116,7766
optparse,7714,5,7719
pacman,7617,65,7682
crul,3217,4464,7681
multicool,1298,6350,7648
AlgDesign,1143,6490,7633
OpenMx,3658,3962,7620
ucminf,1577,6029,7606
cowplot,7348,231,7579
ggplot2movies,2098,5452,7550
TSA,6324,1134,7458
laeken,1342,6049,7391
rversions,2310,5071,7381
KernSmooth,2523,4846,7369
functional,6366,886,7252
Rsolnp,1664,5576,7240
topicmodels,5677,1557,7234
tau,1038,6168,7206
np,5605,1586,7191
fmsb,7146,5,7151
circlize,3399,3731,7130
extrafontdb,412,6709,7121
pheatmap,6834,285,7119
fdrtool,1877,5138,7015
Rttf2pt1,992,5970,6962
faraway,6046,900,6946
cairoDevice,2887,3997,6884
akima,2874,4005,6879
factoextra,6693,181,6874
dismo,4560,2255,6815
gapminder,5163,1629,6792
BMA,5891,878,6769
ggfortify,6748,1,6749
mda,1268,5450,6718
cmprsk,3108,3608,6716
ranger,4956,1744,6700
officer,6692,0,6692
Rmpfr,1324,5363,6687
Amelia,5293,1385,6678
ggm,1845,4816,6661
fastICA,1749,4864,6613
huge,1745,4866,6611
Rserve,5492,1045,6537
pbdZMQ,6467,41,6508
spatial,6036,356,6392
epitools,3688,2703,6391
mixOmics,4436,1904,6340
fastcluster,4164,2135,6299
tidytext,5841,449,6290
BBmisc,2092,4183,6275
tkrplot,1202,5029,6231
PowerTOST,6111,109,6220
janeaustenr,1050,5167,6217
rgenoud,1589,4617,6206
dataRetrieval,6083,113,6196
tensor,1326,4832,6158
doRNG,4884,1244,6128
perm,511,5610,6121
RandomFields,2165,3924,6089
eha,5178,905,6083
mosaicData,628,5450,6078
dummies,5923,147,6070
plot3D,5234,814,6048
DescTools,4388,1651,6039
hwriter,4625,1388,6013
gmailr,1112,4886,5998
interval,5777,213,5990
geepack,1997,3990,5987
ca,4358,1585,5943
imager,5905,26,5931
gamlss,559,5351,5910
UsingR,5884,4,5888
rio,5417,454,5871
drat,5868,0,5868
Cubist,1190,4658,5848
repr,2557,3279,5836
base64,4067,1749,5816
RandomFieldsUtils,412,5383,5795
future,4446,1338,5784
glasso,745,4985,5730
mapview,3160,2561,5721
DAAG,4242,1468,5710
urltools,1490,4205,5695
mailR,5664,0,5664
LTRCtrees,5641,0,5641
DMwR,5570,54,5624
CFC,5619,0,5619
Quandl,4443,1159,5602
memisc,3963,1630,5593
Rfacebook,5399,160,5559
bookdown,5118,383,5501
tokenizers,926,4562,5488
dynlm,2195,3283,5478
triebeard,311,5166,5477
Rglpk,2878,2598,5476
Rtsne,5381,94,5475
quanteda,4645,830,5475
multcompView,2213,3257,5470
crs,5375,91,5466
bibliometrix,5441,0,5441
Matching,1893,3542,5435
d3Network,1320,4113,5433
R2HTML,2256,3174,5430
RSpectra,1267,4153,5420
phangorn,2507,2909,5416
testit,1920,3494,5414
DistributionUtils,552,4844,5396
AID,5390,0,5390
mboost,1846,3535,5381
wordcloud2,4896,480,5376
networkD3,4709,664,5373
glmmML,4451,922,5373
ROAuth,2116,3257,5373
sampling,4948,415,5363
semTools,2292,3069,5361
zip,1077,4264,5341
MatchIt,3670,1653,5323
VennDiagram,4992,315,5307
pdftools,3721,1580,5301
polycor,1774,3518,5292
bbmle,3257,2021,5278
brms,4483,788,5271
optimx,2438,2833,5271
MuMIn,4593,637,5230
rlist,2244,2981,5225
fda,1717,3473,5190
dplR,5037,134,5171
data.tree,4636,524,5160
rworldmap,4315,810,5125
Epi,3728,1392,5120
GeneralizedHyperbolic,457,4660,5117
qdapRegex,1658,3441,5099
systemfit,1814,3258,5072
polynom,1618,3439,5057
geoR,1785,3251,5036
SkewHyperbolic,566,4466,5032
pamr,1437,3591,5028
BSDA,3272,1748,5020
sendmailR,4002,1014,5016
BB,1880,3132,5012
sjmisc,785,4216,5001
ISwR,2527,2456,4983
mlogit,3387,1585,4972
rasterVis,1883,3077,4960
ffbase,2255,2695,4950
amap,3195,1744,4939
tmap,1723,3206,4929
bmp,511,4405,4916
magick,3204,1709,4913
cba,3315,1589,4904
magic,1255,3645,4900
rpf,987,3913,4900
descr,3683,1183,4866
colourpicker,1740,3124,4864
R.rsp,1017,3829,4846
Zelig,2207,2602,4809
shapefiles,1611,3172,4783
sde,4542,238,4780
robust,2307,2466,4773
readbitmap,621,4144,4765
BradleyTerry2,1170,3561,4731
loo,993,3699,4692
gWidgetsRGtk2,850,3838,4688
bayesLife,4473,214,4687
googlesheets,4686,0,4686
HistData,1453,3224,4677
dtt,2954,1717,4671
FSA,3775,874,4649
brglm,951,3697,4648
svUnit,740,3904,4644
IRdisplay,3656,968,4624
aws.s3,4058,527,4585
vioplot,3781,788,4569
RSelenium,3277,1287,4564
semPlot,1445,3093,4538
geojsonio,1776,2749,4525
gWidgets,927,3594,4521
cvTools,1879,2637,4516
tables,1829,2681,4510
KMsurv,1584,2902,4486
gridSVG,3733,744,4477
bayesplot,886,3591,4477
texreg,3249,1207,4456
sjPlot,1194,3256,4450
BiodiversityR,4448,0,4448
setRNG,843,3603,4446
minpack.lm,2392,2053,4445
astsa,4356,80,4436
readstata13,4435,0,4435
betareg,1560,2870,4430
ergm,667,3757,4424
fftwtools,3800,604,4404
gdalUtils,1660,2735,4395
ada,2037,2351,4388
R.matlab,3966,410,4376
ez,4162,203,4365
nleqslv,3938,422,4360
tis,648,3700,4348
flexclust,2223,2110,4333
biglm,1072,3254,4326
kknn,2854,1459,4313
snowfall,2521,1776,4297
clue,1785,2504,4289
gee,1500,2786,4286
modeest,2591,1693,4284
unmarked,2778,1498,4276
sgeostat,902,3357,4259
venneuler,1399,2836,4235
NbClust,4174,33,4207
mirt,2534,1656,4190
rstanarm,1377,2812,4189
mixtools,4116,67,4183
grpreg,3848,332,4180
MLmetrics,1226,2939,4165
rvg,1133,3023,4156
dfoptim,1044,3080,4124
rnoaa,4110,6,4116
Ecdat,1116,2971,4087
flexdashboard,4084,0,4084
entropy,2145,1922,4067
CircStats,1323,2734,4057
outliers,3793,256,4049
gamlss.dist,881,3163,4044
aod,3507,534,4041
mvoutlier,2473,1566,4039
markovchain,3723,312,4035
ordinal,1750,2278,4028
tigris,2378,1638,4016
highcharter,4014,0,4014
rbenchmark,1302,2682,3984
spd,671,3308,3979
optextras,521,3458,3979
qdapTools,1149,2796,3945
nnls,1110,2828,3938
dynamicTreeCut,1807,2128,3935
tmaptools,818,3111,3929
calibrate,3546,382,3928
R2WinBUGS,1116,2800,3916
pegas,2334,1580,3914
fit.models,1151,2749,3900
shinyBS,3181,714,3895
iplots,1288,2598,3886
copula,2256,1620,3876
sjstats,195,3681,3876
httpcode,447,3407,3854
dtw,1591,2260,3851
Rvmmin,782,3064,3846
mlr,3049,790,3839
Rcgmin,687,3146,3833
survminer,3816,0,3816
sn,1627,2182,3809
blme,798,3010,3808
qcc,3339,453,3792
tiff,3137,645,3782
MNP,3781,0,3781
Rmisc,3755,25,3780
subselect,834,2936,3770
bootstrap,3278,481,3759
bigmemory,1283,2471,3754
robCompositions,842,2902,3744
shinystan,421,3323,3744
Sejong,251,3482,3733
adabag,2851,879,3730
rockchalk,1312,2416,3728
geometry,1342,2374,3716
exactRankTests,1279,2430,3709
RTextTools,3684,15,3699
evd,1720,1976,3696
trust,1032,2655,3687
profileModel,964,2723,3687
pixmap,1014,2647,3661
highlight,1099,2561,3660
Metrics,3641,16,3657
lsr,3629,15,3644
rstantools,176,3468,3644
ReporteRs,3353,268,3621
kohonen,2768,831,3599
beeswarm,1828,1771,3599
pmml,1368,2216,3584
ineq,2748,829,3577
HSAUR,2555,1021,3576
profvis,3566,6,3572
energy,1561,2011,3572
networkDynamic,291,3264,3555
aws.signature,2307,1244,3551
biclust,1747,1795,3542
signal,1911,1620,3531
mc2d,1382,2149,3531
matlab,2126,1391,3517
Rmpi,1375,2132,3507
RVAideMemoire,2517,989,3506
maxent,838,2664,3502
statnet,324,3174,3498
randomForestSRC,1737,1757,3494
syuzhet,1798,1695,3493
date,2347,1144,3491
gender,936,2553,3489
dunn.test,1729,1754,3483
metafor,2437,1045,3482
jsonvalidate,607,2875,3482
mitools,337,3135,3472
BiasedUrn,1827,1641,3468
nanotime,1218,2238,3456
MBESS,1347,2089,3436
stabs,1274,2160,3434
gamlss.data,995,2433,3428
coxme,1121,2304,3425
pgirmess,2961,456,3417
spls,839,2577,3416
sciplot,1671,1741,3412
merTools,919,2484,3403
pkgconfig,3389,3,3392
rredis,2425,967,3392
qdapDictionaries,630,2761,3391
R2jags,2406,969,3375
doMC,2499,873,3372
geojsonlint,3177,192,3369
tikzDevice,1541,1828,3369
GGIR,3368,0,3368
rmapshaper,1053,2299,3352
heatmaply,1786,1561,3347
satellite,939,2406,3345
sROC,495,2849,3344
wdman,705,2632,3337
expint,733,2601,3334
missForest,2371,960,3331
bigmemory.sri,506,2825,3331
SDMTools,2610,717,3327
rpanel,798,2525,3323
sas7bdat,3091,228,3319
kdecopula,2353,965,3318
clusterSim,2719,592,3311
rscala,2685,626,3311
WriteXLS,3206,93,3299
adegenet,1429,1859,3288
FSelector,2886,390,3276
GetoptLong,3258,12,3270
rggobi,1811,1448,3259
ltm,2519,719,3238
AICcmodavg,2245,992,3237
gistr,1647,1590,3237
survMisc,757,2479,3236
pvclust,2460,774,3234
MCMCglmm,1998,1231,3229
km.ci,547,2681,3228
imputeTS,3108,117,3225
R.cache,736,2484,3220
RH2,2737,459,3196
superpc,791,2404,3195
HardyWeinberg,2717,474,3191
d3heatmap,1250,1934,3184
FinTS,3086,85,3171
gmm,1696,1470,3166
lda,1252,1910,3162
servr,2372,785,3157
som,1411,1746,3157
reports,461,2691,3152
heplots,1303,1842,3145
Ecfun,765,2367,3132
feather,2657,467,3124
HH,2799,304,3103
threejs,1434,1668,3102
glue,3051,49,3100
QuantPsyc,3099,0,3099
phytools,682,2414,3096
maxstat,849,2241,3090
pkgKitten,604,2486,3090
WGCNA,2910,165,3075
ParamHelpers,529,2538,3067
gnm,1023,2029,3052
pspline,944,2092,3036
treemap,2906,129,3035
tensorA,890,2138,3028
qvcalc,1105,1915,3020
PBSmapping,1014,1985,2999
HSAUR2,1328,1669,2997
corpus,2993,3,2996
bindrcpp,2995,0,2995
ReporteRsjars,696,2282,2978
dbscan,2839,136,2975
ADGofTest,959,2011,2970
GA,2028,935,2963
nor1mix,2154,797,2951
DoE.base,837,2112,2949
SuppDists,1656,1292,2948
parallelMap,415,2516,2931
epiR,2646,283,2929
timereg,1313,1616,2929
plotKML,2307,611,2918
tergm,287,2631,2918
osmar,903,2003,2906
bibtex,715,2185,2900
rentrez,1122,1774,2896
RGtk2Extras,1395,1498,2893
alr3,1378,1515,2893
Kendall,1306,1568,2874
afex,1889,983,2872
binman,285,2581,2866
doSNOW,2457,401,2858
vcdExtra,1116,1732,2848
bindr,203,2632,2835
poLCA,1632,1201,2833
mstate,743,2083,2826
semver,368,2458,2826
penalized,1619,1205,2824
reticulate,1424,1398,2822
bayesm,1150,1665,2815
PortfolioAnalytics,2813,0,2813
clusterGeneration,1210,1594,2804
AUC,2111,689,2800
subprocess,362,2434,2796
mvnormtest,1642,1139,2781
logistf,2736,43,2779
ElemStatLearn,2602,177,2779
CompQuadForm,1764,1015,2779
CORElearn,1347,1431,2778
glmmLasso,2776,0,2776
tufte,1127,1644,2771
tripack,800,1967,2767
RcppCCTZ,794,1973,2767
useful,1587,1178,2765
colorRamps,1785,978,2763
aSPU,2746,5,2751
subplex,935,1814,2749
koRpus,1871,868,2739
directlabels,2436,300,2736
TAM,1500,1226,2726
RSNNS,2123,576,2699
WDI,1537,1142,2679
automap,839,1838,2677
anytime,2674,0,2674
dtwclust,2663,0,2663
rootSolve,1870,793,2663
interplot,2662,0,2662
bestglm,1764,893,2657
igraphdata,1165,1490,2655
bigQueryR,2121,523,2644
splitstackshape,2640,2,2642
lsa,2359,267,2626
chemometrics,2259,356,2615
ergm.count,906,1707,2613
clv,1003,1607,2610
gvlma,2392,214,2606
formattable,2498,107,2605
choroplethr,2531,72,2603
d3r,2260,342,2602
alr4,969,1619,2588
isdparser,348,2239,2587
intergraph,1747,836,2583
prophet,2581,0,2581
seasonal,1821,758,2579
lhs,1155,1424,2579
arulesSequences,2578,0,2578
etm,501,2066,2567
gamm4,1019,1545,2564
lisrelToR,504,2059,2563
x13binary,713,1849,2562
questionr,2123,435,2558
rsm,1151,1400,2551
tweenr,810,1734,2544
ggforce,315,2229,2544
Deducer,1648,875,2523
fftw,1575,946,2521
splus2R,466,2052,2518
elasticnet,1672,845,2517
JavaGD,604,1885,2489
hflights,1673,810,2483
rmeta,1632,847,2479
shinyAce,1e3,1479,2479
meta,2078,399,2477
beanplot,2445,28,2473
globals,800,1672,2472
recommenderlab,2351,118,2469
ash,956,1511,2467
conf.design,373,2092,2465
FrF2,1026,1432,2458
BIFIEsurvey,2194,259,2453
ResourceSelection,2283,166,2449
BAS,2448,0,2448
geonames,467,1978,2445
bnlearn,2260,178,2438
kinship2,1363,1057,2420
listviewer,1364,1055,2419
lawstat,2370,39,2409
rotl,676,1733,2409
Rsymphony,956,1451,2407
rpivotTable,2376,28,2404
tidyjson,1912,492,2404
irr,1911,474,2385
JGR,600,1781,2381
R2OpenBUGS,1841,538,2379
tsne,2112,266,2378
candisc,963,1409,2372
logspline,1337,1033,2370
CADStat,2367,0,2367
fTrading,847,1519,2366
Ckmeans.1d.dp,1582,781,2363
TraMineR,1852,507,2359
doMPI,1431,924,2355
RSclient,246,2109,2355
hydroGOF,2188,155,2343
taxize,994,1347,2341
webutils,798,1543,2341
zipcode,1956,381,2337
bold,835,1493,2328
vipor,665,1660,2325
solrium,492,1821,2313
ndtv,1220,1082,2302
R.devices,746,1547,2293
geiger,913,1367,2280
CHNOSZ,2262,16,2278
ecodist,1053,1220,2273
rafalib,2267,0,2267
RInside,2265,0,2265
MBA,931,1322,2253
rsvg,1186,1066,2252
mediation,1822,419,2241
clusterSEs,2240,0,2240
mombf,2236,0,2236
nFactors,2165,70,2235
fOptions,810,1417,2227
flexsurv,1415,811,2226
gcookbook,2197,20,2217
bizdays,2215,0,2215
emdbook,1008,1206,2214
rncl,306,1904,2210
adehabitatMA,225,1983,2208
natserv,686,1513,2199
MVN,2174,14,2188
sampleSelection,1438,748,2186
fts,678,1508,2186
rredlist,584,1597,2181
DEoptim,1558,622,2180
MixSim,2131,45,2176
hydroTSM,518,1658,2176
Boruta,1706,465,2171
lfe,1652,519,2171
worrms,628,1539,2167
clickstream,2165,0,2165
ritis,627,1530,2157
Directional,2156,0,2156
rngWELL,856,1292,2148
WRS2,1179,956,2135
mlmRev,826,1302,2128
cramer,686,1439,2125
orcutt,1520,602,2122
rlecuyer,375,1740,2115
infotheo,1965,149,2114
configr,1955,151,2106
s20x,1959,141,2100
pspearman,501,1594,2095
EnvStats,1955,138,2093
extraDistr,703,1388,2091
openintro,2047,43,2090
countrycode,1928,162,2090
amen,2084,0,2084
GenSA,1312,766,2078
startupmsg,281,1793,2074
ggbeeswarm,395,1669,2064
AppliedPredictiveModeling,2054,0,2054
GWmodel,2053,0,2053
GISTools,2038,12,2050
Rcsdp,776,1273,2049
verification,1168,879,2047
opencpu,1970,75,2045
lpSolveAPI,1374,667,2041
waveslim,1224,817,2041
acs,788,1250,2038
biotools,1990,38,2028
phylobase,578,1450,2028
mfx,2017,10,2027
rPython,1978,43,2021
pso,1284,730,2014
tuneR,1208,805,2013
wmtsa,989,1020,2009
visreg,2006,0,2006
SweaveListingUtils,917,1087,2004
Rfast,1687,314,2001
smooth,1700,298,1998
gRbase,703,1293,1996
ROSE,1993,0,1993
OpenStreetMap,1485,506,1991
binom,1512,477,1989
labelled,1985,0,1985
distr,351,1633,1984
denstrip,1052,931,1983
changepoint,1563,419,1982
truncreg,988,994,1982
fPortfolio,1535,446,1981
orthopolynom,1103,873,1976
ROracle,1937,38,1975
knitcitations,1128,831,1959
isa2,1036,922,1958
IsoplotR,1956,0,1956
sets,1084,865,1949
BayesFactor,1306,642,1948
RGA,1942,0,1942
splm,1213,729,1942
picante,1314,623,1937
BayesX,1189,743,1932
compare,1840,90,1930
pec,878,1047,1925
jomo,1708,214,1922
argparse,1335,586,1921
tidyquant,1418,501,1919
jiebaR,720,1197,1917
coefplot,1816,96,1912
janitor,1911,0,1911
likert,1417,489,1906
excel.link,1899,0,1899
ncbit,347,1552,1899
KFAS,1236,662,1898
NHANES,747,1148,1895
truncdist,949,944,1893
rAmCharts,1892,0,1892
githubinstall,1666,217,1883
effsize,1864,6,1870
lessR,1867,0,1867
webp,315,1549,1864
gpclib,1369,488,1857
ggraph,1855,0,1855
mongolite,1855,0,1855
adehabitatLT,465,1386,1851
lmodel2,1024,819,1843
ROI,385,1458,1843
latex2exp,1345,494,1839
anacor,1837,0,1837
CausalImpact,1836,0,1836
lokern,1091,742,1833
wesanderson,1827,4,1831
CorReg,1819,0,1819
mixlm,1748,71,1819
weights,1177,635,1812
qqman,1734,72,1806
PMCMR,1575,224,1799
btergm,355,1443,1798
mRMRe,1666,131,1797
sparkline,1796,0,1796
relaimpo,1628,168,1796
text2vec,1533,261,1794
ascii,1085,706,1791
optmatch,694,1093,1787
geoRglm,614,1172,1786
ifultools,419,1361,1780
mondate,915,864,1779
blob,494,1284,1778
plumber,1661,116,1777
googleAuthR,587,1190,1777
randtoolbox,1266,508,1774
EpiModel,1032,735,1767
VIF,1765,0,1765
shrink,1760,5,1765
sudokuAlt,1759,0,1759
openair,1610,149,1759
dlm,1361,398,1759
hypergeo,730,1028,1758
pan,804,944,1748
tensorflow,1744,0,1744
fontquiver,586,1151,1737
rhandsontable,1630,105,1735
rbokeh,1722,10,1732
RNetCDF,1109,622,1731
psychotools,139,1591,1730
qtl,1172,546,1718
BoomSpikeSlab,549,1169,1718
multilevel,1130,582,1712
readODS,1026,680,1706
MALDIquant,1357,346,1703
DataCombine,1668,33,1701
gamair,1148,550,1698
LaF,890,799,1689
logcondens,461,1227,1688
genetics,657,1030,1687
RNifti,936,749,1685
maptree,1226,458,1684
odbc,946,738,1684
prettyR,1626,57,1683
lexicon,869,809,1678
longmemo,882,792,1674
drc,1481,192,1673
proj4,1031,642,1673
scagnostics,1033,639,1672
RSAGA,633,1038,1671
listenv,328,1343,1671
lava.tobit,238,1429,1667
gamboostLSS,1212,450,1662
maxlike,1155,500,1655
sphet,920,735,1655
mix,853,800,1653
RSentiment,1652,0,1652
orientlib,770,881,1651
ggpmisc,1647,0,1647
ggExtra,1586,61,1647
prob,1606,39,1645
VGAMdata,653,991,1644
runjags,1380,263,1643
DiagrammeRsvg,671,972,1643
snowFT,1218,422,1640
adehabitatHR,955,685,1640
AGD,984,652,1636
Boom,270,1366,1636
rminer,1632,0,1632
jiebaRD,425,1207,1632
circular,1071,560,1631
speedglm,1052,575,1627
DDRTree,1625,0,1625
audio,412,1213,1625
wbstats,1111,512,1623
NeuralNetTools,1295,325,1620
oz,962,652,1614
aqp,727,887,1614
VineCopula,598,1016,1614
latentnet,408,1206,1614
usdm,1611,0,1611
playwith,582,1027,1609
caretEnsemble,1607,0,1607
RcmdrPlugin.UCA,1607,0,1607
bsts,1256,351,1607
riskRegression,822,784,1606
muhaz,656,947,1603
Sleuth2,975,626,1601
psy,1599,0,1599
ppcor,1576,22,1598
CARBayes,1179,419,1598
fMultivar,463,1132,1595
Lmoments,216,1378,1594
mfp,429,1163,1592
mets,358,1234,1592
sos,1496,95,1591
pmmlTransformations,646,943,1589
biglasso,1585,0,1585
qpcR,1521,64,1585
mpoly,1563,21,1584
MPV,1097,486,1583
fastR,739,843,1582
babynames,1528,50,1578
ncvreg,938,638,1576
beepr,1503,65,1568
RefManageR,688,877,1565
forestplot,1180,380,1560
extRemes,1286,273,1559
MEMSS,586,972,1558
HSAUR3,1153,403,1556
diagram,902,653,1555
svd,633,921,1554
cts,1403,149,1552
sys,539,1012,1551
tweedie,402,1149,1551
rcdd,654,893,1547
gap,1152,389,1541
CoxBoost,844,696,1540
CALIBERrfimpute,888,647,1535
ghit,1391,142,1533
ltsa,391,1142,1533
PresenceAbsence,951,580,1531
missMDA,790,735,1525
rcompanion,1519,0,1519
bipartite,1338,178,1516
xergm,61,1455,1516
FRB,774,736,1510
fAsianOptions,522,987,1509
fail,499,1010,1509
clValid,1326,179,1505
odfWeave,414,1089,1503
UpSetR,1500,0,1500
clipr,823,675,1498
optiSel,1494,0,1494
dendroextras,1284,210,1494
glmulti,1417,75,1492
compute.es,1446,38,1484
limSolve,951,531,1482
gdistance,757,722,1479
streamR,1283,191,1474
R2Cuba,678,796,1474
Fahrmeir,927,544,1471
psychotree,834,629,1463
mirtCAT,587,871,1458
rgbif,991,462,1453
BatchJobs,1107,345,1452
monomvn,1448,0,1448
prefmod,541,905,1446
xergm.common,71,1375,1446
findpython,619,826,1445
rneos,574,867,1441
DendSer,280,1161,1441
SpatialEpi,657,783,1440
doRedis,389,1051,1440
seewave,1181,254,1435
RNeXML,278,1155,1433
GERGM,916,516,1432
bife,1430,0,1430
aoos,1384,44,1428
tnam,755,673,1428
FitAR,809,616,1425
LiblineaR,1053,371,1424
packagedocs,1095,328,1423
clisymbols,1001,419,1420
glm.predict,1418,0,1418
RcppRoll,1398,20,1418
wavethresh,925,491,1416
Devore7,597,819,1416
NNS,1415,0,1415
Rblpapi,1413,0,1413
SimComp,618,795,1413
FD,836,576,1412
fontcm,702,706,1408
vcfR,1288,116,1404
rNOMADS,1403,0,1403
GenABEL,773,626,1399
jmvcore,1119,276,1395
hoardr,957,432,1389
hmeasure,652,736,1388
GAMBoost,944,443,1387
joint.Cox,1384,0,1384
ctv,1383,0,1383
mvinfluence,652,731,1383
cfa,1381,0,1381
shinyFiles,1220,161,1381
textshape,277,1102,1379
tsna,175,1203,1378
distances,1296,80,1376
genoPlotR,1375,0,1375
OpenImageR,1169,204,1373
RcppGSL,420,951,1371
ggiraph,1137,233,1370
tmvtnorm,793,577,1370
scalreg,729,640,1369
lm.beta,1368,0,1368
DBItest,776,592,1368
fCopulae,225,1143,1368
manifestoR,1366,0,1366
binGroup,779,587,1366
samr,1269,96,1365
asbio,1364,0,1364
compositions,780,579,1359
forward,657,699,1356
adegraphics,191,1164,1355
adegraphics,191,1164,1355
lqa,854,500,1354
gof,630,724,1354
covRobust,1347,2,1349
profdpm,841,498,1339
ZeligChoice,462,872,1334
fImport,909,424,1333
elliptic,385,946,1331
bayesDP,1330,0,1330
PKPDmodels,556,773,1329
catdata,861,467,1328
basefun,1307,18,1325
assertive.base,30,1295,1325
antiword,1114,208,1322
IDPmisc,1180,141,1321
labdsv,1175,144,1319
CDM,595,724,1319
sirt,309,1010,1319
FunChisq,1317,0,1317
hdi,784,533,1317
titanic,1315,0,1315
BTLLasso,1314,0,1314
nws,594,720,1314
VarianceGamma,260,1054,1314
degreenet,822,490,1312
deepnet,1216,93,1309
oai,487,822,1309
rmgarch,1292,12,1304
tsDyn,1261,42,1303
fAssets,385,918,1303
erer,1149,153,1302
crrstep,673,628,1301
evtree,592,706,1298
dfpk,1297,0,1297
BayesXsrc,576,721,1297
IgorR,1296,0,1296
fishmethods,1198,97,1295
dfmta,1294,0,1294
DLMtool,1290,0,1290
gutenbergr,841,449,1290
EMCluster,1239,48,1287
popbio,1286,0,1286
GSIF,788,497,1285
contfrac,377,908,1285
dfcomb,1278,0,1278
clinfun,1135,140,1275
MSBVAR,1273,1,1274
wicket,450,823,1273
BsMD,428,845,1273
AHMbook,1269,0,1269
padr,822,446,1268
partitions,569,699,1268
choroplethrMaps,401,867,1268
rvcheck,1265,0,1265
relevent,211,1052,1263
Daim,1259,0,1259
dnet,1124,135,1259
mail,734,525,1259
R2BayesX,542,717,1259
longitudinalData,375,880,1255
lavaan.survey,201,1054,1255
icesSAG,1253,0,1253
CADFtest,1253,0,1253
dyn,1251,0,1251
RQuantLib,1233,18,1251
fdasrvf,1247,0,1247
assertive.types,65,1175,1240
assertive.properties,27,1211,1238
kableExtra,1233,4,1237
callr,585,651,1236
languageR,1193,40,1233
multiwayvcov,974,259,1233
rem,733,499,1232
metRology,1228,3,1231
MTS,1197,34,1231
QUIC,738,493,1231
debugme,1184,45,1229
assertive.reflection,272,957,1229
haplo.stats,456,772,1228
aRxiv,1150,76,1226
soma,781,444,1225
causaleffect,1224,0,1224
dynr,1224,0,1224
bootnet,1223,0,1223
tableone,1166,57,1223
fArma,520,703,1223
english,329,893,1222
FrF2.catlg128,581,640,1221
locpol,541,679,1220
fst,959,259,1218
RWiener,447,770,1217
linprog,580,634,1214
designmatch,1213,0,1213
mousetrap,1212,0,1212
BRugs,717,493,1210
datasets.load,1207,0,1207
hdrcde,598,609,1207
BaylorEdPsych,1154,50,1204
wskm,419,785,1204
glm2,1123,79,1202
slackr,927,275,1202
EMT,252,945,1197
sentimentr,1196,0,1196
gWidgetstcltk,375,820,1195
kangar00,659,533,1192
naivebayes,1191,0,1191
gRain,709,481,1190
networksis,708,481,1189
sysfonts,359,829,1188
LDAvis,1125,58,1183
tseriesChaos,283,899,1182
bmixture,1180,0,1180
mlxR,1180,0,1180
ibdreg,632,543,1175
rARPACK,545,630,1175
gimme,1174,0,1174
PSCBS,734,440,1174
distillery,262,912,1174
ergm.userterms,48,1126,1174
evir,991,182,1173
corrr,1172,0,1172
jmv,1169,0,1169
LatticeKrig,1166,0,1166
networkDynamicData,588,577,1165
textclean,1088,76,1164
getPass,828,331,1159
RItools,404,755,1159
googleCloudStorageR,433,725,1158
genalg,879,277,1156
ctsem,1153,0,1153
FMStable,731,422,1153
RGoogleAnalytics,1152,0,1152
textometry,1151,0,1151
comf,1151,0,1151
adehabitat,580,571,1151
SKAT,1064,82,1146
cobs,954,191,1145
TSclust,669,476,1145
surveillance,1144,0,1144
condformat,1144,0,1144
Bessel,397,747,1144
geomorph,1040,103,1143
geoaxe,418,725,1143
stinepack,383,760,1143
docopt,1020,122,1142
spgwr,1139,2,1141
ggnetwork,1053,86,1139
TMB,922,217,1139
Vdgraph,691,448,1139
BacArena,1138,0,1138
archiDART,1137,0,1137
yarrr,941,195,1136
hermite,225,911,1136
tictoc,1075,60,1135
prettydoc,994,140,1134
phia,1121,8,1129
RPMM,1120,0,1120
pcalg,932,187,1119
R2admb,1034,84,1118
showtext,959,159,1118
logging,1062,53,1115
whoami,591,523,1114
beanz,1111,0,1111
varhandle,1109,0,1109
htmltab,746,363,1109
moonsun,1106,0,1106
gge,1104,0,1104
hierfstat,564,540,1104
chinese.misc,1101,0,1101
assertive.sets,210,890,1100
Lock5Data,1098,0,1098
InterVA4,1095,1,1096
qrng,247,848,1095
RSiena,765,328,1093
distrEx,117,976,1093
distrEx,117,976,1093
stm,888,204,1092
RLRsim,480,611,1091
complexplus,1003,86,1089
gridGraphics,1006,82,1088
PBD,1086,0,1086
fortunes,990,92,1082
normtest,1073,5,1078
invgamma,1077,0,1077
GenABEL.data,116,959,1075
magicaxis,992,82,1074
assertive.numbers,30,1043,1073
assertive.strings,56,1015,1071
ggcorrplot,1049,19,1068
assertive.files,151,914,1065
ore,534,530,1064
mvnmle,486,578,1064
protolite,480,584,1064
bigrquery,779,283,1062
nlsem,1060,0,1060
CluMix,1060,0,1060
TSdbi,629,431,1060
Rborist,1059,0,1059
rglwidget,143,914,1057
tabplot,930,124,1054
smbinning,1053,0,1053
daff,1053,0,1053
ngram,1053,0,1053
cgdsr,1052,0,1052
Rpoppler,354,695,1049
highfrequency,1048,0,1048
distcomp,1033,14,1047
censReg,1046,0,1046
polmineR,86,959,1045
KFKSDS,332,712,1044
vdiffr,1032,11,1043
assertive,68,975,1043
Rwave,629,410,1039
aroma.core,75,961,1036
compHclust,1034,0,1034
oce,840,194,1034
randtests,941,86,1027
ROI.plugin.glpk,345,681,1026
micEcon,315,710,1025
fExtremes,525,497,1022
c3net,989,32,1021
apcluster,1012,8,1020
adephylo,219,801,1020
aroma.affymetrix,973,44,1017
FKF,586,431,1017
checkpoint,1016,0,1016
tsoutliers,1015,0,1015
ggalt,990,24,1014
WrightMap,276,736,1012
stsm,163,849,1012
roll,1011,0,1011
oro.nifti,493,513,1006
biganalytics,634,371,1005
edfReader,1002,0,1002
lingtypology,1002,0,1002
poppr,874,128,1002
spBayesSurv,1001,0,1001
assertable,1001,0,1001
incidence,999,0,999
smacof,984,13,997
gtrendsR,996,0,996
CCA,989,2,991
icd,990,0,990
plspm,774,215,989
inflection,988,0,988
RRF,541,447,988
showtextdb,71,917,988
RQGIS,987,0,987
bartMachine,843,144,987
ggsignif,984,0,984
BMS,773,211,984
FatTailsR,983,0,983
RQDA,983,0,983
regress,753,229,982
OIsurv,979,0,979
LaplacesDemon,965,13,978
textcat,776,202,978
R.filesets,494,484,978
rtweet,971,0,971
biomod2,764,207,971
pdist,715,254,969
LDheatmap,753,215,968
freqweights,967,0,967
miniCRAN,815,152,967
stockPortfolio,966,0,966
Peptides,966,0,966
reliaR,427,539,966
codingMatrices,964,0,964
FLLat,964,0,964
taRifx,946,17,963
extraTrees,502,461,963
eurostat,962,0,962
depmixS4,961,0,961
googleway,925,34,959
purrrlyr,957,0,957
tgp,594,362,956
R2wd,505,451,956
betapart,955,0,955
kerndwd,953,0,953
cartography,455,498,953
littler,951,0,951
largeVis,951,0,951
nls2,918,32,950
triangle,635,314,949
prediction,948,0,948
rmdformats,943,4,947
photobiology,778,168,946
poweRlaw,764,181,945
brglm2,944,0,944
nlstools,657,287,944
BEDMatrix,886,57,943
googleAnalyticsR,941,0,941
bamboo,937,0,937
assertive.code,114,823,937
numbers,826,110,936
nutshell,694,242,936
pipeR,629,307,936
longitudinal,283,653,936
assertive.datetimes,154,782,936
assertive.data.us,148,787,935
ARTP2,934,0,934
GSA,858,76,934
assertive.data,105,828,933
RStoolbox,932,0,932
icesAdvice,932,0,932
ggmcmc,779,153,932
CTT,635,297,932
assertive.data.uk,145,786,931
assertive.data.uk,145,786,931
csvy,629,300,929
prettymapr,335,593,928
assertive.models,160,766,926
plotGoogleMaps,885,40,925
BETS,924,0,924
psychometric,781,142,923
parmigene,851,69,920
tclust,685,234,919
mFilter,903,15,918
rworldxtra,376,542,918
pdc,308,609,917
COMPoissonReg,915,0,915
assertive.matrices,149,766,915
flacco,914,0,914
excerptr,914,0,914
splines2,909,5,914
ACEt,913,0,913
parfm,904,8,912
scatterD3,690,219,909
relations,622,287,909
reader,840,65,905
ExpDes.pt,904,0,904
ldbod,904,0,904
rosm,237,667,904
ZeligEI,285,618,903
Mcomp,637,265,902
RMongo,901,0,901
RcmdrPlugin.KMggplot2,901,0,901
spBayes,581,318,899
gcmr,760,137,897
log4r,864,31,895
nat,83,812,895
dse,594,299,893
TSdist,820,72,892
qlcMatrix,732,158,890
ridge,888,1,889
JADE,430,457,887
epiDisplay,886,0,886
marmap,836,50,886
ActuDistns,445,441,886
NCmisc,267,618,885
eiPack,61,824,885
nabor,581,303,884
epanetReader,881,0,881
conjoint,879,0,879
eRm,801,77,878
lmom,256,617,873
heatmap3,872,0,872
PRROC,794,78,872
RDSTK,869,0,869
LogicReg,539,328,867
survivalROC,698,168,866
ei,260,605,865
overlap,771,93,864
georob,863,0,863
ptw,666,197,863
polysat,656,207,863
yaImpute,324,539,863
RPMG,300,563,863
icRSF,862,0,862
jagsUI,619,243,862
DiscriMiner,806,55,861
DPpackage,845,15,860
bmrm,859,0,859
arulesCBA,859,0,859
bartMachineJARs,109,750,859
ChainLadder,856,2,858
QRM,646,210,856
easyVerification,853,2,855
tframe,78,777,855
cplm,446,408,854
flan,850,0,850
fasttime,781,69,850
rpostgis,703,146,849
skmeans,687,162,849
SNPassoc,492,357,849
GEOmap,286,562,848
asymmetry,845,0,845
lasso2,578,267,845
secr,578,266,844
alabama,681,162,843
timekit,841,0,841
tesseract,840,0,840
compactr,839,0,839
CUFF,834,0,834
MESS,759,75,834
BoSSA,833,0,833
FFTrees,833,0,833
ggtern,832,1,833
ICC,830,3,833
bst,381,452,833
RGCCA,546,286,832
RGraphics,555,276,831
Information,829,0,829
plsgenomics,734,95,829
graphicsQC,828,0,828
dbConnect,828,0,828
softImpute,828,0,828
discretization,793,35,828
DiceDesign,200,628,828
polyCub,661,164,825
zeligverse,257,568,825
caper,632,192,824
RCircos,789,34,823
portes,748,75,823
prcr,822,0,822
bio3d,759,63,822
GSED,820,0,820
cobalt,820,0,820
dae,647,172,819
userfriendlyscience,816,0,816
benchr,377,439,816
kappalab,321,495,816
compareGroups,814,1,815
lmomco,210,605,815
dataseries,814,0,814
FinancialInstrument,813,0,813
shapes,652,159,811
grImport,788,22,810
plotROC,809,0,809
pca3d,749,58,807
radiant.multivariate,184,623,807
isva,294,512,806
nutshell.audioscrobbler,131,675,806
revealjs,805,0,805
ClustOfVar,598,207,805
ivpack,804,0,804
hBayesDM,803,0,803
bgeva,802,0,802
ipdw,802,0,802
LinkageMapView,800,0,800
geeM,799,0,799
PASWR,796,3,799
AMORE,785,13,798
heemod,797,0,797
x12,566,230,796
mvabund,755,40,795
rda,590,205,795
elastic,794,0,794
Iso,380,414,794
nutshell.bbdb,170,623,793
Deriv,644,148,792
moonBook,686,105,791
CALF,789,0,789
darch,788,1,789
joineR,687,101,788
RMTstat,660,128,788
instaR,586,202,788
blockmodeling,787,0,787
eechidna,786,0,786
rtkore,699,86,785
enrichwith,774,10,784
hts,614,170,784
pack,261,523,784
rmatio,482,301,783
SocialMediaLab,780,0,780
PoiClaClu,770,10,780
stochvol,726,53,779
acebayes,775,0,775
ConsRank,775,0,775
DBEST,775,0,775
vegan3d,767,8,775
cvAUC,531,244,775
fastAdaboost,773,0,773
flexrsurv,773,0,773
minval,761,12,773
sapa,445,328,773
protr,771,0,771
alphahull,447,324,771
apaTables,770,0,770
wordnet,767,0,767
dhglm,767,0,767
RcmdrPlugin.TeachingDemos,767,0,767
FSelectorRcpp,767,0,767
sda,423,343,766
wavelets,747,18,765
Hotelling,763,0,763
ghyp,697,66,763
ROI.plugin.quadprog,142,621,763
norm,465,296,761
knotR,760,0,760
frontier,760,0,760
gaston,759,0,759
DeducerExtras,758,0,758
pglm,649,109,758
ipft,756,0,756
h5,755,0,755
tfplot,201,554,755
radiant.model,68,686,754
hrbrthemes,753,0,753
heatmap.plus,572,180,752
piecewiseSEM,750,0,750
BeSS,749,0,749
PythonInR,725,24,749
forecastHybrid,675,74,749
random,591,158,749
ProjectTemplate,732,16,748
multiway,744,3,747
csv,717,30,747
globe,746,0,746
GEEmediate,746,0,746
RecordLinkage,738,8,746
smoother,708,38,746
BAMMtools,737,8,745
archivist,506,238,744
RefFreeEWAS,743,0,743
radiant,742,0,742
MultivariateRandomForest,742,0,742
rcdk,707,35,742
PolynomF,532,210,742
autothresholdr,741,0,741
weatherData,740,0,740
phyclust,615,125,740
RcmdrPlugin.FactoMineR,738,0,738
RSiteCatalyst,737,0,737
sigmoid,378,359,737
InformationValue,736,0,736
ismev,576,160,736
GPfit,415,321,736
SCRT,364,372,736
fivethirtyeight,735,0,735
ggThemeAssist,735,0,735
atlantistools,733,0,733
contrast,699,34,733
dtwSat,732,0,732
blsAPI,732,0,732
unbalanced,725,6,731
CARBayesdata,216,515,731
fpp2,730,0,730
HDclassif,635,95,730
svGUI,116,613,729
MVA,669,57,726
biclique,725,0,725
ic.infer,380,345,725
mokken,589,135,724
princurve,428,296,724
mco,339,385,724
qualityTools,611,112,723
miceadds,195,528,723
document,720,0,720
RSEIS,312,408,720
rmutil,606,113,719
ppls,398,321,719
eeptools,718,0,718
sensitivity,681,36,717
blscrapeR,716,0,716
gjam,715,0,715
rsparkling,714,0,714
boilerpipeR,401,312,713
logbin,712,0,712
ICS,138,573,711
riverplot,707,3,710
ISOweek,614,96,710
GeneNet,360,350,710
RcppZiggurat,302,408,710
stratbr,709,0,709
RAMP,709,0,709
mmod,519,189,708
svDialogs,594,112,706
mcmcplots,691,14,705
fractal,688,17,705
assignPOP,704,0,704
MplusAutomation,500,202,702
robustHD,479,223,702
ISOcodes,376,326,702
DynTxRegime,701,0,701
dlnm,685,16,701
memuse,234,465,699
ECOSolveR,643,55,698
yuima,556,142,698
radiant.data,81,617,698
frbs,613,84,697
rdd,411,286,697
smoof,373,324,697
RcmdrPlugin.EZR,696,0,696
brnn,653,43,696
RODBCext,682,13,695
radiant.basics,66,629,695
lmSupport,693,0,693
metaSEM,693,0,693
MultiPhen,692,0,692
fastJT,692,0,692
Gmisc,605,87,692
FME,494,197,691
venn,479,212,691
pinfsc50,196,495,691
foghorn,689,0,689
radiant.design,130,559,689
abc,382,305,687
Unicode,686,0,686
leaflet.minicharts,685,0,685
ini,561,124,685
MAVE,681,0,681
reldist,680,0,680
rdrobust,680,0,680
pgmm,680,0,680
MKmisc,679,1,680
fingerprint,325,354,679
tester,260,419,679
RGoogleFit,676,0,676
GenomicMating,676,0,676
sparseMVN,672,4,676
storr,653,23,676
abc.data,132,544,676
lamW,300,374,674
CATT,672,0,672
sdcMicro,666,6,672
idr,671,0,671
devEMF,614,57,671
classifierplots,670,0,670
mratios,411,259,670
pdfetch,669,0,669
leafletR,613,55,668
ztable,557,111,668
ICSNP,131,536,667
tm.plugin.webmining,666,0,666
addinslist,666,0,666
replyr,493,173,666
rebird,435,231,666
flux,661,3,664
combiter,660,4,664
SqlRender,663,0,663
OneR,663,0,663
childsds,662,0,662
dummy,586,76,662
timevis,661,0,661
MBHdesign,659,0,659
spatialEco,652,7,659
Sim.DiffProc,658,0,658
matchingMarkets,658,0,658
irtoys,574,84,658
seasonalview,213,445,658
trend,657,0,657
diversitree,643,14,657
corregp,656,0,656
Benchmarking,632,24,656
boa,539,116,655
FitARMA,524,130,654
SemiPar,526,127,653
rrBLUP,635,17,652
Corbi,651,0,651
BHH2,646,5,651
EmpiricalCalibration,650,0,650
MSwM,561,89,650
XML2R,466,181,647
nonlinearTseries,542,104,646
PAC,645,0,645
wru,645,0,645
Factoshiny,644,0,644
samplingbook,624,20,644
NMOF,606,36,642
HMM,630,11,641
BioGeoBEARS,608,32,640
TeachingSampling,584,56,640
pixiedust,600,37,637
cshapes,541,96,637
rainbow,334,301,635
mapplots,629,5,634
spocc,494,140,634
fuzzyjoin,633,0,633
plot3Drgl,545,88,633
rcrossref,481,150,631
perry,155,476,631
brant,630,0,630
PBSmodelling,258,371,629
QCA,149,480,629
chi,628,0,628
refGenome,398,230,628
aroma.apd,148,480,628
funrar,627,0,627
mvnfast,403,224,627
emdi,626,0,626
huxtable,625,0,625
BioInstaller,622,0,622
qualpalr,621,0,621
egcm,619,1,620
simpleboot,615,4,619
enpls,618,0,618
fossil,554,64,618
rJython,297,321,618
assertr,612,5,617
RISmed,586,29,615
magclass,613,0,613
rnn,613,0,613
clustertend,607,6,613
DiceKriging,199,414,613
rtf,498,114,612
ClueR,608,0,608
HLMdiag,604,4,608
spaa,469,139,608
clustMD,606,1,607
MAPA,454,152,606
metap,605,0,605
radarchart,605,0,605
rcdklibs,116,489,605
FinCal,599,5,604
FRAPO,542,62,604
solr,289,314,603
isoph,602,0,602
eemR,601,1,602
XBRL,504,98,602
fda.usc,464,138,602
plotfunctions,433,167,600
perturb,593,5,598
randomcoloR,587,11,598
rbison,367,231,598
carpenter,597,0,597
fifer,586,11,597
papeR,415,182,597
SuperLearner,408,189,597
Gmedian,303,294,597
lift,596,0,596
crmPack,596,0,596
quantregForest,495,101,596
zoom,578,17,595
tsModel,363,232,595
EMD,492,102,594
DDD,352,242,594
ggedit,593,0,593
forestinventory,591,0,591
versions,591,0,591
LSD,591,0,591
pomp,573,17,590
abd,378,212,590
gWidgets2,139,451,590
ruv,570,19,589
R.huge,262,327,589
paran,588,0,588
sunburstR,588,0,588
gpairs,565,21,586
distrom,359,227,586
ChemometricsWithR,585,0,585
resample,489,96,585
parcor,476,109,585
irace,452,133,585
EMMIXcontrasts2,584,0,584
TSPred,583,0,583
glpkAPI,363,219,582
FRK,581,0,581
elmNN,528,53,581
diveRsity,577,3,580
reportr,336,244,580
printr,571,8,579
bcp,566,13,579
biomartr,578,0,578
gmapsdistance,578,0,578
margins,578,0,578
ncdf.tools,511,67,578
Brobdingnag,438,139,577
sparcl,576,0,576
grnn,471,105,576
lexRankr,575,0,575
afc,575,0,575
emplik,271,304,575
ccgarch,574,0,574
wrapr,207,367,574
matlib,572,0,572
ncf,571,0,571
bnnSurvival,571,0,571
edarf,571,0,571
parsedate,545,26,571
RNeo4j,570,0,570
rzmq,570,0,570
BEST,569,0,569
homals,512,57,569
settings,365,204,569
import,310,259,569
barcode,286,283,569
EpistemicGameTheory,568,0,568
SemiParSampleSel,568,0,568
cem,406,162,568
RcmdrPlugin.survival,567,0,567
rfishbase,563,4,567
DoseFinding,372,194,566
rapportools,150,416,566
pyramid,565,0,565
rerddap,565,0,565
EbayesThresh,379,185,564
TimeProjection,562,0,562
repmis,562,0,562
awsMethods,122,440,562
WhatIf,356,205,561
portfolio,334,227,561
WikidataR,242,319,561
healthcareai,560,0,560
move,341,218,559
emulator,161,398,559
LEGIT,558,0,558
startup,558,0,558
ggsn,545,13,558
arulesNBMiner,557,0,557
binomTools,556,0,556
nimble,556,0,556
CDVine,416,140,556
ridigbio,338,218,556
gamlr,265,291,556
haploR,555,0,555
stepPlr,349,206,555
ggimage,554,0,554
rtiff,298,256,554
spaMM,536,17,553
fun,552,0,552
nonnest2,488,64,552
care,461,89,550
glmm,549,0,549
bib2df,549,0,549
xkcd,549,0,549
synchronicity,346,203,549
rsdmx,395,152,547
varSelRF,545,0,545
BCA,388,157,545
ddR,200,345,545
missDeaths,544,0,544
PMA,494,50,544
SIS,415,128,543
mlegp,406,137,543
ecospat,336,207,543
fontBitstreamVera,133,409,542
geoparser,541,0,541
qicharts,541,0,541
FactoClass,535,6,541
cclust,508,32,540
RMark,491,49,540
BTYD,317,223,540
gsheet,539,0,539
SAScii,495,44,539
RcppOctave,406,133,539
difR,395,144,539
BayesTree,380,159,539
ENmisc,333,206,539
IBrokers,538,0,538
wCorr,532,6,538
fanplot,381,157,538
Rfit,371,167,538
FSAdata,282,256,538
fourierin,537,0,537
BLCOP,537,0,537
Nozzle.R1,512,25,537
efreadr,536,0,536
sybilSBML,519,17,536
hglm,293,243,536
lmPerm,535,0,535
woe,535,0,535
qrnn,287,248,535
rdrop2,534,0,534
biwavelet,534,0,534
histogram,396,138,534
sigr,261,273,534
turner,251,283,534
sand,533,0,533
mallet,415,118,533
apTreeshape,383,149,532
QZ,531,0,531
SASxport,524,7,531
fpCompare,469,62,531
fNonlinear,529,0,529
BlandAltmanLeh,528,0,528
sodium,488,40,528
MitISEM,527,0,527
SensoMineR,465,62,527
fExoticOptions,440,87,527
spbabel,330,197,527
exactci,157,370,527
mmpf,149,378,527
maptpx,526,0,526
expands,526,0,526
metricsgraphics,526,0,526
glmx,425,100,525
Morpho,311,214,525
het.test,524,0,524
ggstance,466,58,524
rvertnet,290,233,523
iNEXT,522,0,522
sarima,522,0,522
PASWR2,521,0,521
lazyrmd,284,237,521
gld,207,314,521
emojifont,520,0,520
bfast,516,4,520
rFerns,320,200,520
operator.tools,519,0,519
asht,519,0,519
RcmdrPlugin.IPSUR,496,23,519
infuser,409,110,519
GADMTools,518,0,518
NADA,419,99,518
Sleuth3,517,0,517
RPushbullet,364,153,517
cccp,320,197,517
JBTools,160,357,517
ensembleBMA,397,119,516
TreeSim,224,292,516
ChemometricsWithRData,173,343,516
rotationForest,379,136,515
fontLiberation,128,387,515
textir,278,236,514
optimbase,147,367,514
bayesGARCH,513,0,513
lmmot,513,0,513
gWidgets2RGtk2,503,10,513
adehabitatHS,511,1,512
epicontacts,511,0,511
ggmosaic,510,0,510
SMPracticals,500,10,510
Rvcg,282,228,510
influence.ME,509,0,509
joineRML,509,0,509
rgrass7,465,44,509
saeSim,419,90,509
clusterCrit,384,125,509
DoE.wrapper,309,200,509
blavaan,508,0,508
rowr,451,57,508
seacarb,431,77,508
scrapeR,369,139,508
randomizr,507,0,507
ald,433,74,507
COUNT,380,127,507
taskscheduleR,506,0,506
extremevalues,491,15,506
dclone,291,215,506
RcmdrPlugin.HH,272,234,506
cranlogs,505,0,505
timsac,505,0,505
SixSigma,505,0,505
stylo,428,77,505
DCluster,390,114,504
pedigree,311,193,504
analogue,260,244,504
anim.plots,503,0,503
knitrBootstrap,503,0,503
EMMIXskew,502,0,502
abn,502,0,502
densityClust,501,0,501
aws.alexa,498,3,501
ggseas,411,90,501
grouped,267,234,501
SpatialPack,96,405,501
arfima,500,0,500
demography,477,23,500
distory,314,186,500
fmbasics,499,0,499
cubfits,495,4,499
GenKern,441,58,499
MIICD,461,37,498
aspace,472,24,496
lfda,328,168,496
RcmdrPlugin.DoE,495,0,495
validate,490,5,495
rdatamarket,458,37,495
rgeolocate,486,8,494
kml,343,151,494
coreNLP,493,0,493
lifecontingencies,492,0,492
lcmm,477,15,492
movMF,469,23,492
simsem,322,169,491
TDA,490,0,490
REAT,490,0,490
celestial,270,220,490
crochet,489,0,489
tsfa,489,0,489
AdMit,478,11,489
multiplex,309,180,489
IsingSampler,214,275,489
LDcorSV,488,0,488
hglm.data,90,398,488
BART,487,0,487
fueleconomy,487,0,487
GESE,486,0,486
Ryacas,486,0,486
robfilter,482,4,486
gputools,465,21,486
BGLR,406,80,486
RSocrata,485,0,485
fitur,485,0,485
EvalEst,398,87,485
EMP,484,0,484
stplanr,484,0,484
Bolstad,484,0,484
EML,477,7,484
miscF,383,101,484
rplos,356,128,484
exact2x2,456,27,483
alluvial,482,0,482
TukeyC,482,0,482
waffle,482,0,482
gpuR,313,169,482
HTMLUtils,481,0,481
flare,394,86,480
iterpc,258,222,480
ssanv,176,304,480
ssanv,176,304,480
dprep,479,0,479
outbreaks,414,65,479
tnet,464,14,478
spsurvey,432,46,478
Runuran,306,172,478
formula.tools,413,64,477
fastGHQuad,343,134,477
datadr,317,160,477
benchmarkme,81,396,477
reprex,476,0,476
insuranceData,475,1,476
LambertW,421,55,476
SQUAREM,409,67,476
numOSL,474,0,474
gets,474,0,474
LMERConvenienceFunctions,474,0,474
learnr,474,0,474
multitaper,345,129,474
clustvarsel,473,0,473
warbleR,472,0,472
sparseLDA,301,171,472
productplots,196,276,472
apsrtable,471,0,471
Grid2Polygons,470,0,470
PredictABEL,437,32,469
GUniFrac,421,48,469
adespatial,468,0,468
WVPlots,468,0,468
pbdMPI,91,377,468
Scale,467,0,467
batchtools,467,0,467
wle,466,0,466
ecoseries,465,0,465
cometExactTest,465,0,465
agridat,435,30,465
baseline,331,134,465
mrds,226,239,465
WikipediR,146,319,465
plfMA,464,0,464
discretecdAlgorithm,456,8,464
survAUC,303,161,464
rts,463,0,463
captioner,461,2,463
base64url,149,314,463
moveVis,462,0,462
geojson,462,0,462
PopGenome,455,7,462
zipfR,417,45,462
mefa,348,113,461
TraMineRextras,460,0,460
hypervolume,341,119,460
mblm,459,0,459
indicspecies,458,1,459
cartogram,343,116,459
pequod,458,0,458
OptimalCutpoints,458,0,458
rcmdcheck,455,3,458
smatr,415,43,458
jose,236,222,458
BHMSMAfMRI,457,0,457
DIFlasso,450,7,457
mmap,274,183,457
fRegression,201,256,457
knitLatex,456,0,456
mnlogit,456,0,456
frailtypack,456,0,456
diveMove,377,79,456
RcmdrPlugin.temis,455,0,455
ips,455,0,455
CombMSC,415,40,455
A3,454,0,454
gProfileR,454,0,454
meboot,434,20,454
rarhsmm,453,0,453
vtreat,453,0,453
McSpatial,453,0,453
spatial.tools,435,18,453
frailtyEM,452,0,452
covafillr,452,0,452
IPEC,452,0,452
BayesianTools,452,0,452
PairedData,347,105,452
bpca,451,0,451
RForcecom,451,0,451
RForcecom,451,0,451
spikeslab,448,3,451
rptR,420,31,451
rasterImage,347,104,451
benchmarkmeData,48,403,451
REBayes,450,0,450
tigerstats,450,0,450
nparcomp,425,25,450
poibin,302,148,450
SPARQL,448,0,448
aniDom,448,0,448
HDInterval,360,88,448
readBrukerFlexData,248,200,448
dirmult,237,211,448
optband,447,0,447
easyanova,447,0,447
textreg,447,0,447
QuantTools,447,0,447
RViennaCL,280,167,447
RandVar,243,204,447
FField,446,0,446
mlrMBO,446,0,446
ClusterR,445,0,445
backtest,445,0,445
hdm,445,0,445
FGN,249,196,445
cladoRcpp,231,214,445
abbyyR,444,0,444
adhoc,444,0,444
DTRreg,444,0,444
capm,444,0,444
cwhmisc,444,0,444
ecp,444,0,444
JM,362,81,443
ECharts2Shiny,442,0,442
Rssa,330,112,442
msme,183,259,442
explor,441,0,441
csvread,441,0,441
pingr,350,91,441
Rcpp11,309,132,441
rscopus,265,176,441
survC1,100,341,441
Kmisc,439,1,440
HI,346,94,440
UScensus2010,313,127,440
kerasR,439,0,439
DstarM,439,0,439
cleanNLP,439,0,439
EMCC,439,0,439
clubSandwich,439,0,439
PReMiuM,439,0,439
feature,435,4,439
mhsmm,380,59,439
ftsa,221,218,439
coreSim,437,0,437
spark,437,0,437
corHMM,278,159,437
caroline,436,0,436
pubmed.mineR,435,0,435
adagio,435,0,435
Rlab,413,22,435
grplasso,390,45,435
adaptMCMC,369,66,435
hyperSpec,347,88,435
Distance,337,97,434
metacoder,433,0,433
mmand,387,46,433
mvmeta,245,188,433
mvmeta,245,188,433
datapack,240,193,433
pwt8,432,0,432
midasr,432,0,432
siar,431,0,431
ecm,431,0,431
qmap,420,11,431
funModeling,430,0,430
YieldCurve,430,0,430
textmineR,430,0,430
RXKCD,430,0,430
ChannelAttribution,289,141,430
HyperbolicDist,283,147,430
sourceR,429,0,429
penalizedLDA,326,103,429
lctools,428,0,428
rSymPy,391,37,428
BayesLogit,250,178,428
treebase,427,0,427
apt,427,0,427
antaresProcessing,273,154,427
micEconAids,426,0,426
RcmdrPlugin.MPAStats,426,0,426
bayesmix,299,127,426
rriskDistributions,425,0,425
crch,425,0,425
fBonds,424,0,424
apaStyle,424,0,424
pdftables,424,0,424
MaxSkew,424,0,424
pandocfilters,424,0,424
gains,424,0,424
pbdSLAP,54,370,424
GDINA,300,123,423
glmpath,265,158,423
MigClim,178,245,423
Inventorymodel,422,0,422
lbfgs,409,13,422
expoRkit,204,218,422
ctmm,421,0,421
pdR,421,0,421
fclust,421,0,421
RProtoBuf,365,56,421
FAdist,316,105,421
isotone,305,116,421
IsingFit,291,130,421
zyp,335,85,420
jqr,284,136,420
editrules,242,178,420
jocre,419,0,419
diagis,419,0,419
ids,419,0,419
rpart.utils,417,2,419
simex,327,92,419
lomb,313,106,419
crossdes,219,200,419
inTrees,409,9,418
prim,306,112,418
glcm,417,0,417
tolerance,417,0,417
Imap,393,24,417
statisticalModeling,416,0,416
landsat,416,0,416
rbamtools,416,0,416
crminer,416,0,416
VSURF,416,0,416
GeneCycle,416,0,416
synbreed,415,1,416
sdcTable,406,10,416
AnalyzeFMRI,400,16,416
RMAWGEN,186,230,416
gRim,414,0,414
rucrdtw,414,0,414
AcuityView,414,0,414
pcse,414,0,414
abctools,414,0,414
phylolm,286,128,414
investr,410,3,413
rChoiceDialogs,376,37,413
cmaes,324,89,413
squash,367,45,412
batchmeans,340,72,412
ahaz,301,111,412
SPEI,411,0,411
rivernet,408,3,411
rlas,288,123,411
RFOC,208,203,411
AIG,410,0,410
opencage,410,0,410
OUwie,410,0,410
dbmss,410,0,410
dataframes2xls,410,0,410
xmlparsedata,410,0,410
spTimer,409,0,409
kimisc,367,42,409
GUIDE,408,0,408
queueing,408,0,408
PopGenReport,408,0,408
simmer,257,151,408
optimsimplex,209,199,408
GMD,407,0,407
ggRandomForests,407,0,407
RcmdrPlugin.epack,407,0,407
GeoXp,406,0,406
NBPSeq,406,0,406
mcclust,354,52,406
BaBooN,341,65,406
RcppTOML,240,166,406
WaveletComp,405,0,405
DA.MRFA,405,0,405
MetaboList,405,0,405
daewr,357,48,405
lsasim,404,0,404
Synth,403,1,404
mockr,397,7,404
soiltexture,223,181,404
ALS,298,105,403
nodeHarvest,259,144,403
DatABEL,234,169,403
adlift,229,174,403
yacca,202,201,403
ldatuning,402,0,402
ChocoLattes,402,0,402
RDocumentation,402,0,402
financial,402,0,402
intamap,197,205,402
PCAmixdata,401,0,401
pipe.design,401,0,401
inferr,401,0,401
acp,401,0,401
pavo,358,43,401
monkeylearn,400,0,400
fdth,400,0,400
bvarsv,400,0,400
rphast,337,63,400
DiceOptim,275,125,400
ouch,211,189,400
sendplot,197,203,400
RAdwords,399,0,399
docxtractr,399,0,399
poisbinom,399,0,399
bgmm,399,0,399
summarytools,399,0,399
spatialprobit,399,0,399
FAiR,399,0,399
reporttools,399,0,399
PearsonDS,385,14,399
rioja,385,14,399
HGNChelper,380,19,399
inlmisc,353,46,399
SCMA,297,102,399
rexpokit,212,187,399
dparser,398,0,398
GrapheR,398,0,398
LabourMarketAreas,398,0,398
RcmdrPlugin.BCA,398,0,398
GRaF,398,0,398
mycor,295,103,398
PP,254,144,398
constrainedKriging,249,149,398
plsdepot,268,129,397
mitml,90,307,397
bayesQR,396,0,396
imagine,394,2,396
Taxonstand,254,142,396
deal,395,0,395
g.data,395,0,395
WeightedCluster,384,11,395
SpatialExtremes,301,94,395
paleoTS,148,247,395
paleoTS,148,247,395
netmeta,394,0,394
benford.analysis,394,0,394
FeatureHashing,393,1,394
GIGrvg,333,60,393
inlinedocs,287,106,393
Rmixmod,280,113,393
crawl,232,161,393
RNetLogo,392,0,392
BLPestimatoR,392,0,392
mapr,392,0,392
knncat,392,0,392
textreuse,392,0,392
angstroms,392,0,392
geomnet,317,75,392
RSGHB,391,0,391
dr,378,13,391
propagate,322,69,391
denpro,79,312,391
ABCanalysis,390,0,390
dwapi,390,0,390
InterpretMSSpectrum,390,0,390
scam,274,116,390
flsa,245,145,390
pbdBASE,14,376,390
mdsOpt,389,0,389
HistogramTools,389,0,389
robustlmm,389,0,389
pwt,312,77,389
SEL,182,207,389
Delaporte,388,0,388
clustsig,388,0,388
SpatialTools,231,157,388
cleangeo,387,0,387
simecol,387,0,387
Stat2Data,387,0,387
rbugs,313,74,387
MAd,260,127,387
RPresto,386,0,386
cluster.datasets,386,0,386
easypackages,386,0,386
calibrator,285,101,386
rrlda,243,143,386
gmnl,385,0,385
BoolNet,246,139,385
tsintermittent,384,0,384
simPH,384,0,384
TeachBayes,384,0,384
rBayesianOptimization,370,14,384
binhf,362,22,384
twang,351,33,384
SimDesign,297,87,384
MARSS,194,190,384
stratification,351,32,383
psychomix,314,69,383
LCFdata,103,280,383
forestFloor,382,0,382
BigVAR,382,0,382
svmpath,349,33,382
neldermead,340,42,382
spgrass6,312,70,382
choroplethrAdmin1,127,255,382
GAD,381,0,381
lordif,381,0,381
spatialsegregation,381,0,381
needs,379,2,381
HandTill2001,328,53,381
kSamples,324,57,381
bhm,380,0,380
metagear,380,0,380
jackstraw,380,0,380
dotwhisker,380,0,380
itsmr,380,0,380
AzureML,380,0,380
IndianTaxCalc,380,0,380
qualV,320,60,380
binr,379,0,379
rqPen,379,0,379
tempdisagg,379,0,379
cati,379,0,379
rrcovHD,327,52,379
bigtabulate,378,0,378
CovSelHigh,378,0,378
FCNN4R,378,0,378
recosystem,378,0,378
robumeta,368,10,378
mvMORPH,346,32,378
fastdigest,165,213,378
netdiffuseR,377,0,377
DeducerSpatial,377,0,377
semPLS,374,3,377
OutbreakTools,126,251,377
paleotree,125,252,377
wsrf,376,0,376
hellno,250,126,376
bclust,375,0,375
mixer,337,38,375
adimpro,298,77,375
Tmisc,374,0,374
gamRR,374,0,374
bspec,342,32,374
archetypes,277,97,374
RankAggreg,243,131,374
pbdDMAT,78,296,374
RADami,373,0,373
SubVis,373,0,373
uniReg,373,0,373
ExpDes,373,0,373
autoencoder,336,37,373
rbounds,226,147,373
corpora,372,0,372
diffMeshGP,372,0,372
GOplot,372,0,372
learnrbook,372,0,372
svMisc,140,232,372
prais,371,0,371
MODISTools,371,0,371
ads,371,0,371
yhatr,370,0,370
exams,355,15,370
cghFLasso,369,0,369
Rbitcoin,369,0,369
desctable,369,0,369
LogisticDx,369,0,369
AtelieR,369,0,369
OAIHarvester,239,130,369
OAIHarvester,239,130,369
ForeCA,368,0,368
leafletCN,368,0,368
YaleToolkit,368,0,368
phylotools,368,0,368
mbgraphic,368,0,368
cocorresp,368,0,368
StatDA,367,0,367
broman,367,0,367
Meiosis,367,0,367
glmmBUGS,367,0,367
seqRFLP,232,135,367
rebus.base,44,323,367
shallot,366,0,366
RGBM,366,0,366
rddtools,366,0,366
lawn,362,4,366
fitbitScraper,358,8,366
sfa,357,9,366
smoothmest,365,0,365
parma,365,0,365
textreadr,365,0,365
citr,365,0,365
latticeDensity,365,0,365
rtdists,355,10,365
apex,305,60,365
geostatsp,266,99,365
mixAK,238,127,365
Correlplot,364,0,364
idendr0,364,0,364
clustMixType,364,0,364
bigRR,340,24,364
xgobi,293,71,364
geoscale,233,131,364
Biocomb,363,0,363
easyNCDF,363,0,363
stlplus,363,0,363
biospear,363,0,363
fastDummies,363,0,363
LOGIT,363,0,363
in2extRemes,363,0,363
BayesBridge,310,53,363
mixture,139,224,363
mixture,139,224,363
iC10TrainingData,57,306,363
genie,362,0,362
clusteval,362,0,362
statsgrokse,362,0,362
Momocs,362,0,362
fetchR,362,0,362
spatsurv,362,0,362
BAYSTAR,362,0,362
ngspatial,342,20,362
CBPS,334,28,362
PropCIs,327,35,362
SYNCSA,239,123,362
imputeLCMD,145,217,362
strap,361,0,361
CharFun,361,0,361
catnet,361,0,361
randomNames,346,15,361
berryFunctions,293,68,361
PDQutils,265,96,361
DescToolsAddIns,360,0,360
nauf,360,0,360
skewt,330,30,360
dgof,304,56,360
gsDesign,211,149,360
SmarterPoland,204,156,360
sotkanet,359,0,359
scclust,354,5,359
Guerry,305,54,359
BcDiag,283,76,359
Jmisc,280,79,359
bayou,358,0,358
profileR,358,0,358
desirability,358,0,358
hda,274,84,358
plsRglm,224,134,358
bayesTFR,84,274,358
vrtest,357,0,357
DCchoice,357,0,357
confinterpret,357,0,357
rust,332,25,357
MDPtoolbox,356,0,356
DataExplorer,356,0,356
dgo,356,0,356
betategarch,356,0,356
robustreg,356,0,356
weathermetrics,352,4,356
gmt,342,14,356
hashmap,340,16,356
relaxo,293,63,356
phyloTop,355,0,355
MetaDE,355,0,355
cocor,355,0,355
xslt,354,0,354
mangoTraining,354,0,354
BayesLCA,354,0,354
randomLCA,354,0,354
finreportr,354,0,354
utility,353,1,354
iC10,353,0,353
DSpat,353,0,353
MissingDataGUI,353,0,353
dynsbm,352,0,352
dimRed,352,0,352
txtplot,349,3,352
AdequacyModel,329,23,352
gemtc,302,50,352
rknn,270,82,352
rknn,270,82,352
neurobase,252,100,352
lazyWeave,205,147,352
pitchRx,351,0,351
rpg,351,0,351
xaringan,351,0,351
ChemoSpec,337,14,351
alphashape3d,332,19,351
EcoHydRology,330,21,351
extracat,298,53,351
depthTools,277,74,351
MODIS,350,0,350
TFMPvalue,350,0,350
srvyr,350,0,350
laercio,350,0,350
BatchGetSymbols,350,0,350
oro.dicom,224,126,350
evobiR,348,0,348
SmoothHazard,348,0,348
intsvy,276,72,348
BatchExperiments,273,75,348
ScottKnott,257,91,348
aLFQ,347,0,347
termstrc,347,0,347
ENMeval,314,33,347
psd,248,99,347
TESS,222,125,347
TESS,222,125,347
GWASExactHW,346,0,346
itcSegment,346,0,346
DMwR2,346,0,346
datasauRus,346,0,346
BLR,341,5,346
MonetDBLite,341,5,346
penalizedSVM,313,33,346
trip,254,92,346
TSsql,245,101,346
readMzXmlData,208,138,346
boxr,345,0,345
lindia,345,0,345
spacyr,344,0,344
RODBCDBI,344,0,344
ezknitr,344,0,344
translateR,344,0,344
mgm,248,96,344
aster,78,266,344
ibr,343,0,343
sdm,343,0,343
fame,322,21,343
ropenaq,253,90,343
loa,221,122,343
kdevine,342,0,342
simr,342,0,342
QoLR,342,0,342
kmeans.ddR,342,0,342
CCP,341,1,342
trustOptim,339,3,342
futile.matrix,278,64,342
BiBitR,277,65,342
grofit,341,0,341
SuperExactTest,341,0,341
alakazam,310,31,341
copBasic,286,55,341
GAS,340,0,340
adaptivetau,340,0,340
tseriesEntropy,340,0,340
lambda.tools,169,171,340
itsadug,339,0,339
ANOVAreplication,339,0,339
nsprcomp,339,0,339
osrm,339,0,339
fgac,339,0,339
Rlinkedin,339,0,339
x12GUI,339,0,339
rUnemploymentData,339,0,339
mAr,307,32,339
mapmisc,265,74,339
mapmisc,265,74,339
forecTheta,261,78,339
ForecastCombinations,244,95,339
panelAR,338,0,338
ARTool,338,0,338
Paneldata,338,0,338
kmi,274,64,338
crossval,271,67,338
SpatialPosition,268,70,338
rebus,47,291,338
immer,337,0,337
gRapHD,337,0,337
EMMREML,337,0,337
fastTextR,337,0,337
clusterfly,337,0,337
heavy,311,26,337
equateIRT,260,77,337
decompr,216,121,337
PortfolioEffectHFT,212,125,337
postGIStools,336,0,336
swirlify,336,0,336
DandEFA,336,0,336
catspec,336,0,336
Rmalschains,305,31,336
RArcInfo,244,92,336
difNLR,237,99,336
striprtf,335,0,335
rdist,335,0,335
shinyWidgets,335,0,335
AMOEBA,335,0,335
mhurdle,335,0,335
SCVA,253,82,335
rnaturalearth,334,0,334
preseqR,334,0,334
OrgMassSpecR,334,0,334
checkarg,334,0,334
r4ss,257,77,334
spatialCovariance,240,94,334
cooccur,333,0,333
drake,333,0,333
BaM,333,0,333
bayesSurv,327,6,333
fxregime,323,10,333
drgee,322,11,333
minerva,311,22,333
binda,291,42,333
poilog,238,95,333
rgp,227,106,333
Bchron,162,171,333
NlcOptim,332,0,332
factorstochvol,332,0,332
clifro,332,0,332
PogromcyDanych,277,55,332
monitoR,232,100,332
crmn,209,123,332
geospt,205,127,332
geomapdata,99,233,332
RHRV,331,0,331
colortools,331,0,331
searchConsoleR,331,0,331
bayesmeta,331,0,331
akmeans,331,0,331
xpose4,329,2,331
depth,318,13,331
evdbayes,295,36,331
topmodel,216,115,331
HaploSim,152,179,331
ROI.plugin.symphony,131,200,331
REdaS,330,0,330
nephro,330,0,330
ContaminatedMixt,261,69,330
hier.part,329,0,329
ramps,329,0,329
mvProbit,329,0,329
pathological,329,0,329
Reol,329,0,329
mlVAR,329,0,329
kgschart,329,0,329
seas,320,9,329
Bolstad2,317,12,329
partDSA,249,80,329
blmeco,328,0,328
deseasonalize,328,0,328
rmetasim,324,4,328
GLDEX,211,117,328
phyloclim,327,0,327
frm,327,0,327
reshapeGUI,327,0,327
catR,196,131,327
VIMGUI,326,0,326
benchmark,326,0,326
depmix,326,0,326
lidR,326,0,326
coppeCosenzaR,326,0,326
hot.deck,316,10,326
LowRankQP,244,82,326
pwr2,325,0,325
tadaatoolbox,325,0,325
sadists,270,55,325
obliqueRF,270,55,325
fgui,248,77,325
multigraph,145,180,325
WebGestaltR,324,0,324
samplesize,324,0,324
mvShapiroTest,322,2,324
fractaldim,316,8,324
season,315,9,324
lfstat,255,69,324
scrypt,211,113,324
breathteststan,323,0,323
USAboundaries,323,0,323
rela,323,0,323
MatrixEQTL,318,5,323
sparr,309,14,323
fANCOVA,228,95,323
Renext,185,138,323
devRate,322,0,322
elrm,322,0,322
ccRemover,322,0,322
LinRegInteractive,322,0,322
sgof,322,0,322
blockTools,313,9,322
SSN,298,24,322
nadiv,264,58,322
argparser,321,0,321
ahp,321,0,321
CreditMetrics,321,0,321
AcceptanceSampling,317,4,321
spcosa,244,77,321
RobAStBase,56,265,321
bedr,320,0,320
Rchoice,320,0,320
rangeMapper,320,0,320
xtractomatic,320,0,320
DataGraph,319,0,319
rwt,319,0,319
BenfordTests,319,0,319
IRTShiny,319,0,319
datapasta,319,0,319
RcppClassic,210,109,319
classify,318,0,318
bujar,318,0,318
LARF,318,0,318
rdryad,318,0,318
mixsmsn,315,3,318
strataG,305,13,318
QCAGUI,36,282,318
sqlutils,317,0,317
caschrono,317,0,317
hht,317,0,317
climatol,317,0,317
psidR,317,0,317
statar,317,0,317
MALDIquantForeign,317,0,317
scrime,316,1,317
profr,300,17,317
filesstrings,269,48,317
st,266,51,317
TreePar,96,221,317
fasjem,316,0,316
RcmdrPlugin.ROC,316,0,316
cIRT,316,0,316
pwt9,316,0,316
Agreement,316,0,316
SetMethods,316,0,316
pxR,315,1,316
CVST,241,75,316
imputeYn,217,99,316
HMP,118,198,316
RcppAnnoy,315,0,315
bisoreg,315,0,315
sigclust,315,0,315
BurStFin,315,0,315
boral,315,0,315
equivalence,312,3,315
fmri,300,15,315
RoughSets,314,0,314
PAFit,314,0,314
ParallelForest,314,0,314
gamlss.mx,314,0,314
scholar,314,0,314
diseasemapping,314,0,314
RSurvey,314,0,314
pmclust,314,0,314
IPSUR,314,0,314
AhoCorasickTrie,312,2,314
CDNmoney,289,25,314
MCPAN,238,76,314
micEconCES,313,0,313
NSM3,313,0,313
BayesVarSel,313,0,313
convevol,313,0,313
HiveR,313,0,313
aods3,308,5,313
distrMod,68,245,313
roadoi,312,0,312
camtrapR,312,0,312
hydroPSO,312,0,312
hydroPSO,312,0,312
SigTree,312,0,312
iotools,262,50,312
spc,244,68,312
Luminescence,232,80,312
fscaret,311,0,311
RImpala,311,0,311
ReacTran,260,51,311
gvc,190,121,311
PCPS,310,0,310
cat,310,0,310
quickmatch,310,0,310
asaur,310,0,310
deepboost,310,0,310
Bmix,310,0,310
TransModel,310,0,310
diagonals,242,68,310
PANICr,309,0,309
lgcp,309,0,309
HMPTrees,309,0,309
ModelMap,309,0,309
glinternet,309,0,309
ArDec,309,0,309
gitlabr,309,0,309
outbreaker,309,0,309
seqminer,308,1,309
bindata,294,15,309
eigenmodel,284,25,309
eigenmodel,284,25,309
MasterBayes,266,43,309
AsioHeaders,193,116,309
derivmkts,308,0,308
minimaxdesign,308,0,308
RcmdrPlugin.EBM,308,0,308
acc,308,0,308
PairwiseD,308,0,308
pdfCluster,308,0,308
edgebundleR,308,0,308
NISTunits,294,14,308
lgarch,216,92,308
lgarch,216,92,308
RcmdrPlugin.BiclustGUI,307,0,307
ABCoptim,307,0,307
ivprobit,307,0,307
moveHMM,307,0,307
lagged,307,0,307
tuber,307,0,307
recmap,307,0,307
graphicalVAR,307,0,307
gnumeric,297,10,307
bvpSolve,274,33,307
smoothSurv,267,40,307
PhysicalActivity,248,59,307
TripleR,248,59,307
deltaPlotR,220,87,307
survsim,306,0,306
gfmR,306,0,306
neat,306,0,306
ecespa,306,0,306
datetime,306,0,306
miRNAss,306,0,306
gogarch,306,0,306
manipulateWidget,289,17,306
birk,275,31,306
risksetROC,249,57,306
approximator,224,82,306
DAMOCLES,305,0,305
metabolomics,305,0,305
covmat,305,0,305
earlywarnings,305,0,305
qiimer,305,0,305
gaussquad,261,44,305
lgtdl,258,47,305
iteRates,304,0,304
LSAfun,304,0,304
qqtest,304,0,304
deconstructSigs,304,0,304
coxphf,304,0,304
waterData,304,0,304
CompRandFld,304,0,304
glarma,304,0,304
superheat,304,0,304
preText,304,0,304
castor,304,0,304
CEoptim,298,6,304
foba,207,97,304
SparseGrid,189,115,304
MultiLCIRT,152,152,304
Exact,134,170,304
aster2,303,0,303
rapport,303,0,303
icenReg,303,0,303
PanJen,303,0,303
dotenv,303,0,303
pcadapt,303,0,303
tableplot,300,3,303
entropart,273,30,303
gsmoothr,181,122,303
Rlof,302,0,302
MatrixCorrelation,302,0,302
VarfromPDB,302,0,302
PerMallows,302,0,302
neural,302,0,302
Rsomoclu,302,0,302
brlrmr,302,0,302
OptionPricing,302,0,302
rtop,302,0,302
mixdist,297,5,302
SNFtool,291,11,302
maxnet,301,0,301
evmix,301,0,301
timeROC,301,0,301
BurStMisc,301,0,301
Rcapture,289,12,301
iECAT,300,0,300
prevalence,300,0,300
qtlcharts,300,0,300
granova,300,0,300
uroot,293,7,300
geigen,268,32,300
frmqa,299,0,299
RStata,299,0,299
shinyRGL,299,0,299
REndo,299,0,299
httk,299,0,299
ibmdbR,299,0,299
R330,299,0,299
manhattanly,298,0,298
Compositional,298,0,298
umx,298,0,298
glmmTMB,298,0,298
vardpoor,295,3,298
monmlp,294,4,298
HiddenMarkov,289,9,298
ExPosition,265,33,298
adaptDA,297,0,297
cccd,297,0,297
rwunderground,297,0,297
packcircles,297,0,297
edgar,297,0,297
riv,297,0,297
REEMtree,297,0,297
REEMtree,297,0,297
hyperdirichlet,297,0,297
rsvd,297,0,297
marked,274,23,297
marked,274,23,297
mvna,250,47,297
rocc,249,48,297
install.load,215,82,297
oddsratio,296,0,296
brainwaver,296,0,296
CAvariants,296,0,296
datarobot,296,0,296
fourPNO,296,0,296
MSGARCH,296,0,296
lvplot,296,0,296
pbmcapply,290,6,296
rje,235,61,296
mcGlobaloptim,223,73,296
RSVGTipsDevice,214,82,296
refund,165,131,296
ExtremeBounds,295,0,295
brainGraph,295,0,295
tablaxlsx,295,0,295
MortalitySmooth,292,3,295
geospacom,270,25,295
lassoshooting,257,38,295
redland,194,101,295
IRISMustangMetrics,294,0,294
cdata,294,0,294
hybridHclust,294,0,294
surface,294,0,294
powerSurvEpi,294,0,294
SLHD,294,0,294
flexCWM,294,0,294
wikipediatrend,294,0,294
micEconSNQP,294,0,294
BioStatR,294,0,294
asnipe,294,0,294
kdetrees,294,0,294
GeoLight,278,16,294
MHadaptive,276,18,294
TFX,293,0,293
intReg,293,0,293
jaatha,293,0,293
rDEA,293,0,293
spectral,293,0,293
XGR,293,0,293
conover.test,293,0,293
BACCO,293,0,293
ACD,293,0,293
randomGLM,293,0,293
cp4p,293,0,293
RDS,293,0,293
OECD,293,0,293
ebal,282,11,293
phonTools,231,62,293
fauxpas,208,85,293
ETLUtils,292,0,292
ordinalNet,292,0,292
micromap,292,0,292
RcmdrPlugin.Export,292,0,292
AmericanCallOpt,292,0,292
kriging,281,11,292
mockery,271,21,292
ezsim,262,30,292
compoisson,231,61,292
ica,218,74,292
soilDB,176,116,292
coneproj,148,144,292
operators,74,218,292
trelliscope,291,0,291
batch,291,0,291
GSODR,291,0,291
MixSIAR,291,0,291
GCPM,291,0,291
httpRequest,290,1,291
tagcloud,225,66,291
ClickClust,151,140,291
orloca,70,221,291
ACDm,290,0,290
xxIRT,290,0,290
TeXCheckR,290,0,290
GEVStableGarch,286,4,290
ConvergenceConcepts,284,6,290
mcmcse,276,14,290
lqmm,272,18,290
gepaf,188,102,290
swfscMisc,137,153,290
PhViD,289,0,289
matrixpls,289,0,289
Rd2roxygen,289,0,289
PTAk,289,0,289
crunchy,289,0,289
phtt,289,0,289
optimization,289,0,289
blockcluster,289,0,289
lle,285,4,289
clues,283,6,289
crunch,190,99,289
gptk,180,109,289
acss.data,116,173,289
spatgraphs,82,207,289
schoRsch,288,0,288
lmm,288,0,288
DGCA,288,0,288
schumaker,288,0,288
GeneralizedUmatrix,288,0,288
prospectr,277,11,288
stR,287,0,287
ivpanel,287,0,287
ndjson,287,0,287
HyPhy,287,0,287
ADPclust,287,0,287
AdaptGauss,287,0,287
gumbel,287,0,287
mapStats,287,0,287
bpcp,260,27,287
laGP,205,82,287
RLumShiny,198,89,287
nlmrt,181,106,287
rebus.unicode,34,253,287
BayesDA,286,0,286
dsm,286,0,286
seg,286,0,286
multicmp,286,0,286
compeir,286,0,286
ShinyItemAnalysis,286,0,286
scatterpie,286,0,286
NHMSAR,286,0,286
rCUR,286,0,286
tm.plugin.mail,286,0,286
ROI.plugin.ecos,271,15,286
httpcache,231,55,286
SSDforR,285,0,285
phrasemachine,285,0,285
condvis,285,0,285
roahd,285,0,285
autovarCore,285,0,285
bentcableAR,285,0,285
visualize,285,0,285
eba,285,0,285
KernSmoothIRT,285,0,285
ivlewbel,285,0,285
onion,285,0,285
ZIM,281,4,285
datacheckr,276,9,285
RNiftyReg,274,11,285
RNiftyReg,274,11,285
spThin,188,97,285
pmc,152,133,285
SurvRegCensCov,284,0,284
mada,284,0,284
sme,284,0,284
spfrontier,284,0,284
FHDI,284,0,284
FinancialMath,284,0,284
FinancialMath,284,0,284
performanceEstimation,284,0,284
CARBayesST,284,0,284
VarSwapPrice,284,0,284
BootPR,284,0,284
sperrorest,284,0,284
RcmdrPlugin.qual,284,0,284
treeClust,280,4,284
aftgee,273,11,284
APfun,247,37,284
hett,238,46,284
gglasso,227,57,284
NHPoisson,221,63,284
MTurkR,168,116,284
expoTree,283,0,283
locits,283,0,283
ivbma,283,0,283
thief,283,0,283
longpower,283,0,283
influence.SEM,283,0,283
kza,283,0,283
kza,283,0,283
congressbr,283,0,283
Biodem,283,0,283
matconv,283,0,283
coalescentMCMC,283,0,283
RcppCNPy,280,3,283
BIOM.utils,251,32,283
rkt,249,34,283
Rphylip,282,0,282
commandr,282,0,282
GetHFData,282,0,282
asremlPlus,282,0,282
hwwntest,282,0,282
simba,282,0,282
TideHarmonics,282,0,282
chemCal,282,0,282
multgee,276,6,282
equate,268,14,282
clpAPI,247,35,282
ExtDist,281,0,281
mut,281,0,281
crp.CSFP,281,0,281
EMA,281,0,281
MethComp,281,0,281
tiger,251,30,281
argosfilter,240,41,281
wellknown,230,51,281
LBSPR,224,57,281
SwarmSVM,192,89,281
rags2ridges,85,196,281
RcmdrPlugin.EACSPIR,280,0,280
BGData,280,0,280
CDFt,280,0,280
DiscML,280,0,280
pco,280,0,280
ivfixed,280,0,280
pairwise,280,0,280
epade,280,0,280
Rd2md,280,0,280
europepmc,280,0,280
distrTeach,62,218,280
commonsMath,279,0,279
dlmodeler,279,0,279
ggparallel,279,0,279
reutils,279,0,279
RootsExtremaInflections,279,0,279
qualtRics,279,0,279
credule,279,0,279
okcupiddata,279,0,279
andrews,279,0,279
slim,279,0,279
mpath,263,16,279
hitandrun,255,24,279
fslr,179,100,279
cointReg,152,127,279
NanoStringNorm,138,141,279
tawny.types,100,179,279
Tides,278,0,278
Nippon,278,0,278
sparkTable,278,0,278
tawny,244,34,278
survRM2,178,100,278
aws,109,169,278
rebus.datetimes,37,241,278
keyringr,277,0,277
RcmdrPlugin.coin,277,0,277
rtable,277,0,277
Stem,277,0,277
FHtest,277,0,277
FeedbackTS,277,0,277
ClustVarLV,277,0,277
binomen,277,0,277
genlasso,243,34,277
GenOrd,223,54,277
funHDDC,157,120,277
bcrm,276,0,276
semsfa,276,0,276
RSDA,276,0,276
Rlabkey,276,0,276
addhazard,276,0,276
mixRasch,276,0,276
mcga,276,0,276
blockrand,276,0,276
brranching,268,8,276
normalp,261,15,276
ncdf4.helpers,247,29,276
MPDiR,213,63,276
mvbutils,205,71,276
RaschSampler,275,0,275
rmcfs,275,0,275
JMbayes,275,0,275
PHYLOGR,275,0,275
grattan,275,0,275
NetData,275,0,275
ycinterextra,224,51,275
fulltext,222,53,275
sae,174,101,275
rebus.numbers,32,243,275
additivityTests,274,0,274
bda,274,0,274
CommonTrend,274,0,274
POT,274,0,274
migest,274,0,274
PivotalR,274,0,274
kfigr,274,0,274
BBMM,274,0,274
mcbiopi,274,0,274
HSAR,274,0,274
Fragman,274,0,274
BayHaz,274,0,274
logitnorm,269,5,274
tmle,259,15,274
EcoVirtual,209,65,274
ggiraphExtra,273,0,273
BCE,273,0,273
bcpa,273,0,273
FastKNN,273,0,273
BTYDplus,273,0,273
clustrd,273,0,273
GetTDData,273,0,273
face,273,0,273
aqfig,273,0,273
adaptiveGPCA,273,0,273
iptools,271,2,273
GenBinomApps,270,3,273
webmockr,266,7,273
SDaA,253,20,273
RApiSerialize,157,116,273
phyext2,153,120,273
hdnom,272,0,272
isdals,272,0,272
anonymizer,272,0,272
synthpop,272,0,272
AggregateR,272,0,272
SamplingStrata,272,0,272
AggregateR,272,0,272
aTSA,272,0,272
diffobj,265,7,272
linkcomm,253,19,272
astrochron,242,30,272
peperr,239,33,272
anesrake,234,38,272
protiq,222,50,272
trapezoid,200,72,272
RND,271,0,271
ColorPalette,271,0,271
CMC,271,0,271
RcmdrPlugin.SCDA,271,0,271
MarkowitzR,271,0,271
FieldSim,271,0,271
gwrr,271,0,271
statebins,271,0,271
solaR,271,0,271
rdlocrand,271,0,271
pps,104,167,271
abcdeFBA,270,0,270
breakfast,270,0,270
rfUtilities,270,0,270
scorer,270,0,270
GMDH,270,0,270
dCovTS,270,0,270
msSurv,270,0,270
dCovTS,270,0,270
AdapEnetClass,270,0,270
SDD,269,1,270
tripEstimation,261,9,270
MonetDB.R,248,22,270
GenomicTools,227,43,270
GenomicTools,227,43,270
fuzzr,269,0,269
boxplotdbl,269,0,269
HadoopStreaming,269,0,269
drm,269,0,269
PhylogeneticEM,269,0,269
PhylogeneticEM,269,0,269
anMC,269,0,269
Bayesthresh,269,0,269
protoclust,269,0,269
compareC,269,0,269
onemap,269,0,269
RcmdrPlugin.doex,269,0,269
bandit,269,0,269
RcmdrPlugin.RMTCJags,269,0,269
stream,134,135,269
ApacheLogProcessor,268,0,268
PANDA,268,0,268
bspmma,268,0,268
bqtl,268,0,268
bqtl,268,0,268
webchem,268,0,268
DTK,184,84,268
CRF,182,86,268
dataQualityR,267,0,267
funFEM,267,0,267
RcmdrPlugin.NMBU,267,0,267
MPTinR,267,0,267
HotDeckImputation,257,10,267
pbs,142,125,267
pbs,142,125,267
RcmdrPlugin.orloca,266,0,266
gpg,266,0,266
multinomRob,266,0,266
aplore3,266,0,266
rLTP,266,0,266
ANOM,266,0,266
spectral.methods,266,0,266
RcmdrPlugin.mosaic,266,0,266
ExcessMass,266,0,266
mipfp,266,0,266
DFIT,266,0,266
madness,266,0,266
FisherEM,266,0,266
ssfa,266,0,266
cmrutils,249,17,266
spacom,241,25,266
EGRET,91,175,266
splusTimeDate,30,236,266
markophylo,265,0,265
pim,265,0,265
asd,265,0,265
RcmdrPlugin.sampling,265,0,265
readtext,265,0,265
ebdbNet,265,0,265
BayesSummaryStatLM,265,0,265
shazam,244,21,265
superbiclust,181,84,265
tigger,264,0,264
gdm,264,0,264
LSMonteCarlo,264,0,264
BNPTSclust,264,0,264
crandatapkgs,264,0,264
doFuture,264,0,264
cbsodataR,264,0,264
PTXQC,264,0,264
costat,264,0,264
bfp,264,0,264
ivmodel,264,0,264
eco,264,0,264
shinymaterial,264,0,264
AIM,263,0,263
accelerometry,263,0,263
binomSamSize,263,0,263
BaSTA,263,0,263
abcrf,263,0,263
PortRisk,263,0,263
opera,263,0,263
dlsem,263,0,263
clusterRepro,263,0,263
BayesFM,263,0,263
dendsort,258,5,263
lsei,245,18,263
biogram,235,28,263
rgr,213,50,263
lisp,165,98,263
PSAgraphics,115,148,263
nets,262,0,262
Rlibeemd,262,0,262
imputeMissings,262,0,262
optiRum,262,0,262
glmnetUtils,262,0,262
BCBCSF,262,0,262
imp4p,262,0,262
LIM,261,1,262
metacom,255,7,262
LICORS,224,38,262
rsem,217,45,262
plsRcox,203,59,262
bayesPop,143,119,262
aprof,261,0,261
widgetframe,261,0,261
wahc,261,0,261
STAR,261,0,261
RobLoxBioC,261,0,261
fbRads,261,0,261
pa,261,0,261
MANOVA.RM,261,0,261
quickpsy,261,0,261
labstatR,261,0,261
exactLoglinTest,261,0,261
carx,261,0,261
usmap,261,0,261
CopyDetect,254,7,261
measurements,243,18,261
svyPVpack,193,68,261
regpro,140,121,261
ipw,260,0,260
pampe,260,0,260
convey,260,0,260
TCGA2STAT,260,0,260
metaMA,259,1,260
LCA,256,4,260
tpr,248,12,260
WWGbook,240,20,260
sybil,111,149,260
GriegSmith,259,0,259
cricketr,259,0,259
predictmeans,259,0,259
hdeco,259,0,259
pastis,259,0,259
schwartz97,259,0,259
sommer,259,0,259
edgeRun,259,0,259
BiplotGUI,259,0,259
translate,259,0,259
UScensus2000tract,259,0,259
gdpc,259,0,259
fractalrock,258,0,258
wakefield,258,0,258
RcmdrPlugin.depthTools,258,0,258
REDCapR,258,0,258
nplr,258,0,258
simmer.plot,258,0,258
sca,258,0,258
hddplot,258,0,258
optrees,254,4,258
PottsUtils,244,14,258
aylmer,226,32,258
vines,215,43,258
svgPanZoom,214,44,258
canvasXpress,257,0,257
canvasXpress,257,0,257
cocron,257,0,257
stepR,257,0,257
hddtools,257,0,257
Dowd,257,0,257
acnr,257,0,257
coop,257,0,257
EcoSimR,257,0,257
aspect,257,0,257
Biograph,257,0,257
coop,257,0,257
sophisthse,257,0,257
GMMBoost,257,0,257
gear,257,0,257
ctmcmove,257,0,257
protViz,257,0,257
bbemkr,257,0,257
kernelFactory,226,31,257
grr,158,99,257
MIIVsem,256,0,256
rucm,256,0,256
phaseR,256,0,256
session,256,0,256
lm.br,256,0,256
lans2r,256,0,256
lans2r,256,0,256
MST,256,0,256
kequate,256,0,256
readbulk,252,4,256
FITSio,245,11,256
speaq,243,13,256
pedigreemm,236,20,256
locfdr,224,32,256
locfdr,224,32,256
s4vd,194,62,256
powerMediation,171,85,256
ROptEst,16,240,256
BayesValidate,255,0,255
ReIns,255,0,255
liftr,255,0,255
emIRT,255,0,255
TOSTER,255,0,255
cds,255,0,255
MODIStsp,255,0,255
js,250,5,255
optpart,216,39,255
objectSignals,73,182,255
quickmapr,254,0,254
exifr,254,0,254
RcmdrPlugin.plotByGroup,254,0,254
bcrypt,254,0,254
metScanR,254,0,254
nasaweather,254,0,254
coga,254,0,254
retimes,254,0,254
arrayhelpers,250,4,254
cmm,199,55,254
GWRM,196,58,254
rmsfact,185,69,254
futile.any,98,156,254
gridGraphviz,66,188,254
chunked,253,0,253
cowsay,253,0,253
tractor.base,253,0,253
shinybootstrap2,253,0,253
splusTimeSeries,253,0,253
simule,253,0,253
pid,253,0,253
ProbitSpatial,253,0,253
rlm,253,0,253
dpmixsim,253,0,253
mcsm,253,0,253
bshazard,253,0,253
compound.Cox,253,0,253
VAR.etp,253,0,253
Anthropometry,253,0,253
AntWeb,252,1,253
breathtestcore,215,38,253
learningr,252,0,252
mrgsolve,252,0,252
bamdit,252,0,252
eegkit,252,0,252
list,252,0,252
support.CEs,252,0,252
animalTrack,252,0,252
RKEA,252,0,252
giphyr,252,0,252
StAMPP,252,0,252
vec2dtransf,252,0,252
DynNom,252,0,252
cents,252,0,252
wkb,214,38,252
Flury,169,83,252
bigalgebra,128,124,252
distrSim,37,215,252
texmex,251,0,251
propr,251,0,251
tvm,251,0,251
ESG,251,0,251
casebase,251,0,251
ESG,251,0,251
R2PPT,251,0,251
dynsurv,251,0,251
SNSequate,251,0,251
TSMining,251,0,251
coxphw,251,0,251
AEDForecasting,251,0,251
thregI,251,0,251
ACTCD,246,5,251
biwt,239,12,251
mtsdi,224,27,251
PROscorerTools,221,30,251
apa,250,0,250
bc3net,250,0,250
AbsFilterGSEA,250,0,250
quantspec,250,0,250
bmeta,250,0,250
NetworkRiskMeasures,250,0,250
ecoengine,249,1,250
bcRep,127,123,250
cpm,249,0,249
cacIRT,249,0,249
agRee,249,0,249
gems,249,0,249
evclass,249,0,249
geohash,249,0,249
BVS,249,0,249
apc,249,0,249
CHsharp,249,0,249
AUCRF,246,3,249
picasso,224,25,249
SharpeR,223,26,249
SharpeR,223,26,249
SiZer,212,37,249
PerfMeas,202,47,249
FuzzyNumbers,128,121,249
nat.utils,127,122,249
Cyclops,248,0,248
perARMA,248,0,248
rLiDAR,248,0,248
rAltmetric,248,0,248
gsarima,248,0,248
RNCEP,248,0,248
arabicStemR,248,0,248
L1pack,248,0,248
mixexp,248,0,248
googleComputeEngineR,248,0,248
freqdom,220,28,248
tm.plugin.factiva,216,32,248
ExplainPrediction,184,64,248
svcm,119,129,248
randomForest.ddR,247,0,247
astro,247,0,247
BayesNetBP,247,0,247
RcmdrPlugin.EcoVirtual,247,0,247
FinAsym,247,0,247
eulerr,247,0,247
medflex,247,0,247
graphTweets,247,0,247
nlts,247,0,247
ALDqr,247,0,247
LogicForest,218,29,247
relsurv,196,51,247
logmult,246,0,246
blocksdesign,246,0,246
gamlss.inf,246,0,246
StreamMetabolism,246,0,246
genderizeR,246,0,246
shp2graph,246,0,246
discSurv,246,0,246
odeintr,246,0,246
ROI.plugin.nloptr,246,0,246
ExomeDepth,246,0,246
activity,246,0,246
DirichletReg,245,1,246
Peaks,245,1,246
introgress,237,9,246
BinOrdNonNor,137,109,246
smacpod,49,197,246
nLTT,245,0,245
rrcovNA,245,0,245
Tcomp,245,0,245
phyloland,245,0,245
bigdata,245,0,245
Rclusterpp,245,0,245
ExceedanceTools,245,0,245
bootES,245,0,245
digitize,245,0,245
ExceedanceTools,245,0,245
nsRFA,237,8,245
pathClass,214,31,245
cellWise,197,48,245
Rcplex,180,65,245
housingData,176,69,245
captr,244,0,244
AquaEnv,244,0,244
gtop,244,0,244
Cprob,244,0,244
flam,244,0,244
lavaan.shiny,244,0,244
StMoMo,244,0,244
ChoiceModelR,244,0,244
DAKS,244,0,244
cmaesr,240,4,244
bezier,213,31,244
GUILDS,153,91,244
rpatrec,243,0,243
binaryLogic,243,0,243
forestmodel,243,0,243
dataone,243,0,243
BIEN,243,0,243
colormap,243,0,243
ICEbox,243,0,243
RcppDE,243,0,243
EMAtools,243,0,243
SpatioTemporal,214,29,243
SLC,170,73,243
tsbugs,124,119,243
mscstexta4r,64,179,243
ripa,242,0,242
GeomComb,242,0,242
CoClust,242,0,242
DiffCorr,242,0,242
breakpoint,242,0,242
filematrix,242,0,242
bios2mds,242,0,242
esc,242,0,242
HIBPwned,242,0,242
matlabr,241,1,242
MissMech,238,4,242
MetabolAnalyze,183,59,242
gamlss.cens,157,85,242
describer,241,0,241
ForImp,241,0,241
mclogit,241,0,241
clhs,241,0,241
LPStimeSeries,241,0,241
rmaf,241,0,241
generalhoslem,241,0,241
features,241,0,241
dvn,241,0,241
phylocanvas,241,0,241
GSM,241,0,241
monreg,198,43,241
ratelimitr,161,80,241
dfcrm,101,140,241
NORMT3,240,0,240
RcppDL,240,0,240
clarifai,240,0,240
hbsae,240,0,240
spatcounts,240,0,240
BeviMed,240,0,240
VARsignR,240,0,240
tufterhandout,240,0,240
VARsignR,240,0,240
discord,240,0,240
descomponer,240,0,240
portfolioSim,240,0,240
Canopy,240,0,240
MXM,240,0,240
rbhl,240,0,240
frequencyConnectedness,240,0,240
WeightedPortTest,240,0,240
growcurves,240,0,240
SciencesPo,227,13,240
DSL,213,27,240
PBSddesolve,201,39,240
semiArtificial,190,50,240
steepness,174,66,240
provenance,239,0,239
ALTopt,239,0,239
ACNE,239,0,239
Crossover,239,0,239
darksky,239,0,239
HarmonicRegression,239,0,239
PROreg,239,0,239
LSTS,239,0,239
ggraptR,239,0,239
LEAP,239,0,239
abundant,239,0,239
GillespieSSA,233,6,239
deTestSet,170,69,239
httptest,75,164,239
subspaceMOA,238,0,238
OasisR,238,0,238
transport,238,0,238
FedData,238,0,238
allelematch,238,0,238
allelematch,238,0,238
dynaTree,238,0,238
WaveLetLongMemory,238,0,238
dosresmeta,238,0,238
redcapAPI,238,0,238
gradDescent,238,0,238
robotstxt,238,0,238
UScensus2000cdp,238,0,238
rglobi,238,0,238
HAC,238,0,238
goric,238,0,238
oceanmap,231,7,238
IC2,222,16,238
GSE,219,19,238
fmdates,128,110,238
AWR,237,0,237
ALA4R,237,0,237
OIdata,237,0,237
covLCA,237,0,237
SpaDES,237,0,237
Watersheds,237,0,237
RcmdrPlugin.MA,237,0,237
bayesMCClust,237,0,237
MAR1,237,0,237
clusrank,237,0,237
crank,237,0,237
psyphy,237,0,237
partsm,237,0,237
stmBrowser,237,0,237
concor,237,0,237
ContourFunctions,237,0,237
climdex.pcic,224,13,237
separationplot,224,13,237
MCL,216,21,237
insol,203,34,237
PSF,191,46,237
traits,184,53,237
svSocket,130,107,237
psoptim,236,0,236
mcr,236,0,236
ecr,236,0,236
rtimes,236,0,236
BCEA,236,0,236
primer,236,0,236
AbSim,236,0,236
seqHMM,236,0,236
orderedLasso,236,0,236
HKprocess,236,0,236
EstCRM,236,0,236
scmamp,236,0,236
DescribeDisplay,236,0,236
nonparaeff,223,13,236
bvls,221,15,236
bnstruct,235,0,235
shinytoastr,235,0,235
ckanr,235,0,235
metamisc,235,0,235
uwIntroStats,235,0,235
FactoRizationMachines,235,0,235
CompLognormal,235,0,235
biglars,235,0,235
mpt,220,15,235
survJamda,188,47,235
MBCluster.Seq,186,49,235
rnrfa,183,52,235
sudoku,147,88,235
pdp,234,0,234
SportsAnalytics,234,0,234
ABHgenotypeR,234,0,234
AHR,234,0,234
ROI.plugin.lpsolve,234,0,234
elevatr,234,0,234
faoutlier,234,0,234
prevR,234,0,234
designGG,234,0,234
geozoo,234,0,234
shinyTime,234,0,234
MicroStrategyR,234,0,234
fdapace,234,0,234
bcv,213,21,234
ars,208,26,234
bupaR,201,33,234
cudaBayesregData,183,51,234
rLakeAnalyzer,179,55,234
acss,175,59,234
TED,233,0,233
tswge,233,0,233
gmum.r,233,0,233
CircMLE,233,0,233
rebmix,233,0,233
Lambda4,233,0,233
ABCp2,233,0,233
namespace,233,0,233
BigSEM,233,0,233
timeline,233,0,233
npde,233,0,233
rif,233,0,233
TAQMNGR,233,0,233
factorplot,233,0,233
noncensus,232,1,233
networkTomography,217,16,233
OpenML,214,19,233
powerplus,208,25,233
diffusionMap,158,75,233
RKEAjars,50,183,233
bridgesampling,232,0,232
glm.ddR,232,0,232
mafs,232,0,232
biotic,232,0,232
dggridR,232,0,232
treatSens,232,0,232
diffr,232,0,232
GGEBiplotGUI,232,0,232
rpartScore,232,0,232
DAMisc,232,0,232
TSTutorial,232,0,232
ccaPP,230,2,232
ArgumentCheck,228,4,232
cctools,213,19,232
orloca.es,155,77,232
survIDINRI,231,0,231
edeaR,231,0,231
RcmdrPlugin.sos,231,0,231
textTinyR,231,0,231
RPANDA,231,0,231
jsonld,231,0,231
measuRing,231,0,231
maRketSim,231,0,231
opefimor,231,0,231
Bergm,231,0,231
climtrends,224,7,231
kerdiest,177,54,231
antaresRead,76,155,231
pbdDEMO,230,0,230
bayesboot,230,0,230
ALSM,230,0,230
wikitaxa,230,0,230
lcda,230,0,230
csSAM,230,0,230
extremefit,230,0,230
restimizeapi,230,0,230
bayesDem,230,0,230
analogsea,230,0,230
ADDT,230,0,230
QuasiSeq,230,0,230
vcrpart,230,0,230
FunCluster,230,0,230
XNomial,230,0,230
optCluster,230,0,230
logisticPCA,230,0,230
bdvis,230,0,230
orsk,230,0,230
ACSNMineR,230,0,230
iterLap,230,0,230
dagitty,230,0,230
rsnps,229,1,230
sirad,225,5,230
gWidgets2tcltk,225,5,230
emdist,224,6,230
HiDimDA,220,10,230
SpatialNP,210,20,230
regtools,201,29,230
SpecsVerification,188,42,230
RobLox,40,190,230
abodOutlier,229,0,229
Coxnet,229,0,229
RSADBE,229,0,229
climextRemes,229,0,229
BalancedSampling,229,0,229
convertr,229,0,229
bayesAB,229,0,229
edeR,229,0,229
iCluster,229,0,229
rdetools,229,0,229
BayesMed,229,0,229
pivottabler,229,0,229
countyfloods,229,0,229
vardiag,229,0,229
DAISIE,229,0,229
SOMbrero,229,0,229
MetaIntegrator,229,0,229
ameco,229,0,229
copulaedas,229,0,229
mritc,229,0,229
DAAGbio,229,0,229
agop,222,7,229
ldbounds,220,9,229
rinat,217,12,229
esaBcv,213,16,229
metatest,150,79,229
metatest,150,79,229
events,228,0,228
SciViews,228,0,228
spdplyr,228,0,228
iqspr,228,0,228
shinyTree,228,0,228
rmumps,228,0,228
AnalyzeTS,228,0,228
mar1s,228,0,228
vegetarian,228,0,228
condMVNorm,225,3,228
RJSDMX,222,6,228
SMVar,181,47,228
DiscreteWeibull,173,55,228
kyotil,96,132,228
gamlss.tr,94,134,228
pairsD3,227,0,227
abf2,227,0,227
VTrack,227,0,227
S2sls,227,0,227
CaDENCE,227,0,227
letsR,227,0,227
QTLRel,227,0,227
parallelSVM,227,0,227
ACSWR,227,0,227
SEERaBomb,227,0,227
dualScale,227,0,227
dynBiplotGUI,227,0,227
RcmdrPlugin.pointG,227,0,227
cabootcrs,227,0,227
rslurm,227,0,227
rv,227,0,227
rysgran,227,0,227
genridge,227,0,227
gRc,227,0,227
icarus,227,0,227
WMDB,227,0,227
sads,209,18,227
clime,208,19,227
tm.plugin.lexisnexis,198,29,227
mRm,167,60,227
mRm,167,60,227
Rmosek,156,71,227
EntropyEstimation,63,164,227
FWDselect,226,0,226
marima,226,0,226
diverse,226,0,226
simmr,226,0,226
NLRoot,226,0,226
CAMAN,226,0,226
cncaGUI,226,0,226
BIOdry,226,0,226
coefficientalpha,226,0,226
TcGSA,226,0,226
robustDA,226,0,226
AcousticNDLCodeR,226,0,226
RcmdrPlugin.seeg,226,0,226
datamart,226,0,226
MeanShift,226,0,226
cna,226,0,226
RCEIM,225,1,226
globalOptTests,218,8,226
seeg,165,61,226
gPdtest,152,74,226
dcmle,134,92,226
precrec,93,133,226
dispmod,225,0,225
lucr,225,0,225
AFLPsim,225,0,225
TrialSize,225,0,225
SCperf,225,0,225
gofastr,225,0,225
electionsBR,225,0,225
psytabs,225,0,225
zCompositions,225,0,225
CollocInfer,224,1,225
lbfgsb3,223,2,225
NAM,222,3,225
DiceView,221,4,225
irtProb,221,4,225
GDAtools,208,17,225
stpp,205,20,225
lazy,204,21,225
capushe,181,44,225
qrmtools,109,116,225
DiceEval,56,169,225
edstan,224,0,224
pear,224,0,224
DistatisR,224,0,224
acid,224,0,224
QCAtools,224,0,224
smerc,224,0,224
RxODE,224,0,224
pinbasic,224,0,224
deducorrect,224,0,224
CausalFX,224,0,224
neuroim,224,0,224
JohnsonDistribution,224,0,224
bootStepAIC,224,0,224
GPFDA,224,0,224
experiment,224,0,224
mixPHM,224,0,224
GB2,224,0,224
heuristica,224,0,224
RcmdrPlugin.SLC,224,0,224
EnQuireR,224,0,224
kedd,212,12,224
naturalsort,209,15,224
RLumModel,188,36,224
PBImisc,184,40,224
NetworkComparisonTest,125,99,224
distrTEst,24,200,224
ImportExport,223,0,223
RcmdrPlugin.SM,223,0,223
MonteCarlo,223,0,223
regexr,223,0,223
dagR,223,0,223
read.dbc,223,0,223
obAnalytics,223,0,223
hive,223,0,223
Matrix.utils,223,0,223
smotefamily,223,0,223
algstat,223,0,223
arsenal,223,0,223
altmeta,223,0,223
glogis,219,4,223
rateratio.test,216,7,223
dat,211,12,223
CoImp,222,0,222
planor,222,0,222
odfWeave.survey,222,0,222
GroupSeq,222,0,222
qcr,222,0,222
Davies,222,0,222
autoimage,222,0,222
deBInfer,222,0,222
anfis,222,0,222
gSEM,222,0,222
pbo,222,0,222
dina,222,0,222
BioMark,222,0,222
benchden,222,0,222
poliscidata,222,0,222
compareDF,222,0,222
CEC,222,0,222
INLABMA,222,0,222
hydrostats,222,0,222
lfactors,216,6,222
MGLM,209,13,222
spanel,127,95,222
metasens,221,0,221
metasens,221,0,221
ORIClust,221,0,221
ihs,221,0,221
cmvnorm,221,0,221
mlogitBMA,221,0,221
SamplerCompare,221,0,221
BivarP,221,0,221
yuimaGUI,221,0,221
jetset,221,0,221
detrendeR,221,0,221
delt,221,0,221
MSQC,221,0,221
airGR,221,0,221
bdpv,221,0,221
stubthat,219,2,221
anchors,218,3,221
simFrame,216,5,221
meteoForecast,216,5,221
JGL,201,20,221
sae2,220,0,220
coxrobust,220,0,220
PCA4TS,220,0,220
GUIProfiler,220,0,220
CatEncoders,220,0,220
ArchaeoPhases,220,0,220
semtree,220,0,220
pnn,220,0,220
distrEllipse,220,0,220
DendroSync,220,0,220
OutlierDC,220,0,220
RXshrink,220,0,220
getCRUCLdata,220,0,220
secrlinear,220,0,220
hnp,220,0,220
IBDsim,217,3,220
ggspectra,217,3,220
GrassmannOptim,199,21,220
ThreeWay,197,23,220
SPA3G,127,93,220
GENEAread,103,117,220
pals,219,0,219
concreg,219,0,219
bReeze,219,0,219
simputation,219,0,219
NonpModelCheck,219,0,219
NonpModelCheck,219,0,219
mclcar,219,0,219
Barnard,219,0,219
sqliter,219,0,219
crqa,219,0,219
GGMselect,216,3,219
marelac,215,4,219
nlmeU,180,39,219
etl,176,43,219
Funclustering,97,122,219
samplesize4surveys,218,0,218
bayess,218,0,218
cmsaf,218,0,218
AGSDest,218,0,218
bamlss,218,0,218
rpgm,218,0,218
ArfimaMLM,218,0,218
InspectChangepoint,218,0,218
CRTSize,218,0,218
AutoSEARCH,218,0,218
DepthProc,211,7,218
farff,201,17,218
ACA,217,0,217
ACA,217,0,217
reactR,217,0,217
likelihood,217,0,217
ASMap,217,0,217
Evapotranspiration,217,0,217
mcIRT,217,0,217
Evapotranspiration,217,0,217
gridsample,217,0,217
Demerelate,217,0,217
RcppBDT,217,0,217
BiSEp,217,0,217
D2C,217,0,217
wbsts,217,0,217
chromer,217,0,217
iccbeta,217,0,217
BioPhysConnectoR,217,0,217
gsalib,217,0,217
RSA,217,0,217
prepdat,217,0,217
untb,213,4,217
untb,213,4,217
BAT,212,5,217
cherry,204,13,217
PK,195,22,217
gower,189,28,217
RSCABS,186,31,217
FFD,216,0,216
gtheory,216,0,216
BACA,216,0,216
BANFF,216,0,216
TriadSim,216,0,216
mltools,216,0,216
multipanelfigure,216,0,216
npst,216,0,216
sparsevar,216,0,216
ArrayBin,216,0,216
SimilarityMeasures,216,0,216
averisk,216,0,216
ncdump,216,0,216
chipPCR,202,14,216
modules,199,17,216
surveyplanning,185,31,216
gamlss.add,89,127,216
RobustAFT,83,133,216
eegkitdata,46,170,216
dashboard,215,0,215
opusminer,215,0,215
PopED,215,0,215
osmplotr,215,0,215
rWBclimate,215,0,215
imfr,215,0,215
Johnson,215,0,215
RcmdrPlugin.steepness,215,0,215
NetIndices,215,0,215
IQCC,215,0,215
aop,215,0,215
abjutils,215,0,215
spa,215,0,215
Actigraphy,215,0,215
Mediana,215,0,215
zic,212,3,215
fastclime,212,3,215
dglm,203,12,215
binMto,185,30,215
ensurer,183,32,215
GCD,171,44,215
arc,214,0,214
IMFData,214,0,214
AncestryMapper,214,0,214
kst,214,0,214
irtrees,214,0,214
kolmim,214,0,214
AF,214,0,214
uplift,214,0,214
treeclim,214,0,214
autopls,214,0,214
OptHedging,214,0,214
BASS,214,0,214
ZRA,214,0,214
trajectories,214,0,214
acopula,214,0,214
homomorpheR,214,0,214
acopula,214,0,214
AdaptFitOS,214,0,214
BGPhazard,214,0,214
engsoccerdata,214,0,214
simPop,214,0,214
SmithWilsonYieldCurve,214,0,214
mvcwt,214,0,214
scoringRules,214,0,214
HelpersMG,188,26,214
mutoss,74,140,214
condSURV,213,0,213
timesboot,213,0,213
tilegramsR,213,0,213
shinyDND,213,0,213
SocialMediaMineR,213,0,213
CopulaREMADA,213,0,213
bea.R,213,0,213
metagen,213,0,213
powerAnalysis,213,0,213
aroma.cn,213,0,213
KSEAapp,213,0,213
pcIRT,213,0,213
soundecology,213,0,213
mdatools,213,0,213
tableHTML,211,2,213
tidyxl,192,21,213
tabuSearch,189,24,213
EnsembleBase,77,136,213
ANLP,212,0,212
InfoTrad,212,0,212
qrcode,212,0,212
mdsr,212,0,212
skellam,212,0,212
depend.truncation,212,0,212
colourlovers,212,0,212
fastqcr,212,0,212
MetaPath,212,0,212
smoothHR,212,0,212
Thermimage,212,0,212
IRTpp,212,0,212
pushoverr,212,0,212
SimpleTable,212,0,212
datautils,210,2,212
erah,203,9,212
pks,200,12,212
MultinomialCI,199,13,212
OrdNor,189,23,212
mathgraph,187,25,212
mathgraph,187,25,212
NetPreProc,144,68,212
MM,211,0,211
EasyABC,211,0,211
AdaptiveSparsity,211,0,211
EdSurvey,211,0,211
MVar.pt,211,0,211
spuRs,211,0,211
placement,211,0,211
RcmdrPlugin.GWRM,211,0,211
NPMOD,211,0,211
geoknife,211,0,211
jSonarR,211,0,211
c060,211,0,211
LOST,211,0,211
starma,211,0,211
sharpeRratio,211,0,211
TreeSimGM,211,0,211
objectProperties,211,0,211
bioinactivation,211,0,211
ddalpha,211,0,211
Compounding,211,0,211
macleish,195,16,211
wgaim,172,39,211
leapp,171,40,211
lmeSplines,108,103,211
ontologyIndex,76,135,211
mscsweblm4r,32,179,211
ESGtoolkit,210,0,210
cjoint,210,0,210
plRasch,210,0,210
glmnetcr,210,0,210
deming,210,0,210
metacor,210,0,210
paleobioDB,210,0,210
GoFKernel,210,0,210
glmnetcr,210,0,210
pinnacle.API,210,0,210
colorplaner,210,0,210
metaplus,210,0,210
ibd,210,0,210
robustX,210,0,210
SampleSizeMeans,210,0,210
ATE,210,0,210
FIT,210,0,210
IDPSurvival,210,0,210
BayesBD,210,0,210
sbgcop,210,0,210
OmicsPLS,210,0,210
robets,210,0,210
rorutadis,210,0,210
spselect,210,0,210
matchingR,210,0,210
chillR,209,1,210
bioimagetools,196,14,210
bio.infer,183,27,210
DRR,144,66,210
metricTester,209,0,209
bayescount,209,0,209
bdscale,209,0,209
tab,209,0,209
bdscale,209,0,209
rMR,209,0,209
varComp,209,0,209
PracTools,209,0,209
AdaptFit,209,0,209
ALKr,209,0,209
dynpred,209,0,209
AtmRay,209,0,209
BayesianNetwork,209,0,209
SEMModComp,209,0,209
historydata,209,0,209
gridDebug,209,0,209
BayesianAnimalTracker,209,0,209
colorfulVennPlot,208,1,209
wnominate,199,10,209
MAMS,197,12,209
MetABEL,185,24,209
fishMod,166,43,209
partialAR,108,101,209
AlignStat,208,0,208
curvHDR,208,0,208
permutations,208,0,208
cudaBayesreg,208,0,208
alphaOutlier,208,0,208
admixturegraph,208,0,208
isopam,208,0,208
ROCt,208,0,208
isopam,208,0,208
imageData,208,0,208
XiMpLe,208,0,208
ftnonpar,208,0,208
ACCLMA,208,0,208
schoolmath,201,7,208
bazar,175,33,208
mcprofile,173,35,208
RnavGraph,117,91,208
rnaturalearthdata,59,149,208
dti,207,0,207
factorQR,207,0,207
rbcb,207,0,207
biosignalEMG,207,0,207
DataLoader,207,0,207
PKNCA,207,0,207
blm,207,0,207
tweet2r,207,0,207
episensr,207,0,207
tweet2r,207,0,207
crrSC,207,0,207
properties,207,0,207
onewaytests,207,0,207
dbhydroR,207,0,207
BANOVA,207,0,207
sequenza,207,0,207
CPE,207,0,207
endorse,207,0,207
acm4r,207,0,207
BCDating,207,0,207
HydeNet,207,0,207
adapr,207,0,207
LocalControl,207,0,207
CompGLM,207,0,207
RhpcBLASctl,197,10,207
params,179,28,207
eva,177,30,207
ART,206,0,206
rpubchem,206,0,206
RDML,206,0,206
rpubchem,206,0,206
muStat,206,0,206
RSKC,206,0,206
confreq,206,0,206
EMMAgeo,206,0,206
distrDoc,206,0,206
SCI,206,0,206
rorcid,206,0,206
SOAR,206,0,206
MLCIRTwithin,206,0,206
SOAR,206,0,206
rEDM,206,0,206
scrubr,206,0,206
ssizeRNA,206,0,206
WikidataQueryServiceR,206,0,206
RCassandra,206,0,206
adaptTest,206,0,206
subspace,206,0,206
cccrm,206,0,206
feedeR,206,0,206
eaf,171,35,206
stsm.class,11,195,206
bfa,205,0,205
SPREDA,205,0,205
goeveg,205,0,205
egonet,205,0,205
xyloplot,205,0,205
kcirt,205,0,205
FAOSTAT,205,0,205
geomedb,205,0,205
LVMMCOR,205,0,205
RcppExamples,205,0,205
riskSimul,205,0,205
covTest,205,0,205
ABC.RAP,205,0,205
SampleSizeProportions,205,0,205
pbdNCDF4,205,0,205
RInno,205,0,205
gastempt,205,0,205
StereoMorph,205,0,205
designGLMM,205,0,205
LINselect,190,15,205
wpp2015,54,151,205
DiscreteLaplace,204,0,204
aCRM,204,0,204
coarseDataTools,204,0,204
LMest,204,0,204
GDAdata,204,0,204
GDAdata,204,0,204
LakeMetabolizer,204,0,204
accrued,204,0,204
blackbox,204,0,204
Bclim,204,0,204
ega,204,0,204
DStree,204,0,204
RxCEcolInf,204,0,204
fechner,204,0,204
aucm,204,0,204
backblazer,204,0,204
bigml,204,0,204
SPOT,203,1,204
SAM,200,4,204
multipol,189,15,204
fast,186,18,204
Oarray,168,36,204
allanvar,203,0,203
CoxRidge,203,0,203
ModelGood,203,0,203
longCatEDA,203,0,203
GameTheory,203,0,203
fpca,203,0,203
Rankcluster,203,0,203
lba,203,0,203
coxinterval,203,0,203
plotSEMM,203,0,203
latdiag,203,0,203
FuzzyR,203,0,203
astroFns,203,0,203
Rpdb,203,0,203
HDMD,203,0,203
PhaseType,195,8,203
fuzzyRankTests,194,9,203
BinNonNor,192,11,203
microplot,152,51,203
G1DBN,152,51,203
BayesPiecewiseICAR,202,0,202
nhlscrapr,202,0,202
AmostraBrasil,202,0,202
clusterPower,202,0,202
simstudy,202,0,202
emma,202,0,202
ETAS,202,0,202
AssocTests,202,0,202
SSDM,202,0,202
normwhn.test,202,0,202
oaxaca,202,0,202
AFM,202,0,202
ADMMnet,202,0,202
longclust,202,0,202
rLindo,202,0,202
gamclass,202,0,202
adaptsmoFMRI,202,0,202
DeducerPlugInScaling,202,0,202
OutlierDM,202,0,202
RSSL,202,0,202
pbdPROF,202,0,202
powell,202,0,202
hergm,198,4,202
ICGE,191,11,202
ICGE,191,11,202
cplexAPI,191,11,202
toOrdinal,187,15,202
mvmesh,176,26,202
survrec,148,54,202
survrec,148,54,202
TimeWarp,139,63,202
semdiag,129,73,202
SMIR,201,0,201
mpm,201,0,201
Rz,201,0,201
TunePareto,201,0,201
internetarchive,201,0,201
aRpsDCA,201,0,201
dmt,201,0,201
dmt,201,0,201
CePa,201,0,201
regclass,201,0,201
CarletonStats,201,0,201
cdcfluview,201,0,201
regsem,201,0,201
regsem,201,0,201
optR,201,0,201
MendelianRandomization,201,0,201
MLDS,201,0,201
classGraph,201,0,201
phonics,201,0,201
growthcurver,201,0,201
bridgedist,201,0,201
WHO,201,0,201
bigstep,201,0,201
rtide,201,0,201
DSsim,201,0,201
flowr,201,0,201
rstiefel,201,0,201
edci,201,0,201
btb,201,0,201
RegressionFactory,201,0,201
BigQuic,176,25,201
soilphysics,174,27,201
antitrust,200,0,200
foodweb,200,0,200
agrmt,200,0,200
CellularAutomaton,200,0,200
PAWL,200,0,200
emuR,200,0,200
binseqtest,200,0,200
toaster,200,0,200
spikeSlabGAM,200,0,200
HTSCluster,200,0,200
ecolMod,200,0,200
popEpi,200,0,200
lmec,200,0,200
EcoGenetics,200,0,200
AMAP.Seq,200,0,200
riem,200,0,200
audiolyzR,200,0,200
LNIRT,200,0,200
BarcodingR,200,0,200
idar,200,0,200
ggswissmaps,200,0,200
evclust,200,0,200
anocva,200,0,200
NUCOMBog,200,0,200
bootRes,200,0,200
PhyloMeasures,200,0,200
bild,200,0,200
oc,190,10,200
polyapost,179,21,200
paramlink,174,26,200
tth,173,27,200
tm.plugin.europresse,169,31,200
randomizeBE,199,0,199
FAwR,199,0,199
ragtop,199,0,199
hydrogeo,199,0,199
bayesDccGarch,199,0,199
msos,199,0,199
msos,199,0,199
PubMedWordcloud,199,0,199
nlWaldTest,199,0,199
SIBER,199,0,199
ipdmeta,199,0,199
adwave,199,0,199
Binarize,199,0,199
SEMID,199,0,199
WhiteStripe,199,0,199
ExactCIdiff,199,0,199
PearsonICA,199,0,199
SemiMarkov,199,0,199
condGEE,199,0,199
cmprskQR,199,0,199
NLPutils,199,0,199
rTensor,197,2,199
smcure,173,26,199
simplegraph,116,83,199
simplegraph,116,83,199
textmining,198,0,198
mgarchBEKK,198,0,198
textmining,198,0,198
elasticsearchr,198,0,198
nortestARMA,198,0,198
Haplin,198,0,198
ParetoPosStable,198,0,198
plotrr,198,0,198
sankey,198,0,198
CorrToolBox,198,0,198
MAMSE,198,0,198
hisse,198,0,198
accelmissing,198,0,198
HighDimOut,198,0,198
MCPMod,198,0,198
eyetrackingR,198,0,198
cate,198,0,198
fwdmsa,198,0,198
TSHRC,198,0,198
tsPI,198,0,198
cda,198,0,198
cardidates,198,0,198
statcheck,198,0,198
randomUniformForest,197,1,198
conicfit,196,2,198
NormalLaplace,194,4,198
scrm,177,21,198
ontologyPlot,66,132,198
reportReg,197,0,197
subscore,197,0,197
support.BWS,197,0,197
jackknifeKME,197,0,197
AcrossTic,197,0,197
msgl,197,0,197
stepwise,197,0,197
irtDemo,197,0,197
epibasix,197,0,197
dmm,197,0,197
SGL,197,0,197
M4comp,197,0,197
frailtySurv,197,0,197
soc.ca,197,0,197
moduleColor,197,0,197
aoristic,197,0,197
assist,197,0,197
BSSasymp,191,6,197
sphereplot,169,28,197
encode,165,32,197
cstab,154,43,197
LSAmitR,144,53,197
DAAGxtras,196,0,196
MicSim,196,0,196
addreg,196,0,196
sleekts,196,0,196
asypow,196,0,196
valr,196,0,196
graphql,196,0,196
velox,196,0,196
boostr,196,0,196
RFinanceYJ,196,0,196
tsdecomp,196,0,196
lvnet,196,0,196
clogitL1,196,0,196
csn,196,0,196
csn,196,0,196
IMIFA,196,0,196
sinaplot,196,0,196
telegram,196,0,196
DiscreteInverseWeibull,196,0,196
MLCM,196,0,196
truncgof,196,0,196
kulife,196,0,196
debug,196,0,196
CLSOCP,196,0,196
aidar,196,0,196
dtables,189,7,196
mctest,195,0,195
bkmr,195,0,195
emg,195,0,195
modelfree,195,0,195
mixreg,195,0,195
CPBayes,195,0,195
CPBayes,195,0,195
dafs,195,0,195
FamEvent,195,0,195
hoardeR,195,0,195
acrt,195,0,195
MHTmult,195,0,195
CrypticIBDcheck,195,0,195
enaR,195,0,195
AMCP,195,0,195
OPDOE,195,0,195
RMallow,195,0,195
PwrGSD,195,0,195
EIAdata,195,0,195
fcros,195,0,195
mmeta,195,0,195
virtualspecies,195,0,195
harvestr,194,1,195
cvxclustr,193,2,195
cond,187,8,195
PET,183,12,195
EpiEstim,182,13,195
SurvCorr,111,84,195
microseq,56,139,195
aws.sns,37,158,195
anominate,194,0,194
dbstats,194,0,194
bursts,194,0,194
STMedianPolish,194,0,194
caRpools,194,0,194
BOIN,194,0,194
tm.plugin.dc,194,0,194
codyn,194,0,194
msir,194,0,194
CPHshape,194,0,194
AMModels,194,0,194
ARTIVA,194,0,194
pacbpred,194,0,194
MCAvariants,194,0,194
extremeStat,194,0,194
extremeStat,194,0,194
AnthropMMD,194,0,194
issueReporter,194,0,194
algorithmia,194,0,194
MOCCA,194,0,194
KernelKnn,194,0,194
R2MLwiN,194,0,194
igraphinshiny,194,0,194
convoSPAT,194,0,194
BayesComm,194,0,194
RMixpanel,194,0,194
tmod,194,0,194
MAVIS,194,0,194
fishmove,194,0,194
DNAtools,191,3,194
sgt,189,5,194
enviPat,181,13,194
topologyGSA,169,25,194
rsatscan,193,0,193
RLT,193,0,193
Frames2,193,0,193
OpenRepGrid,193,0,193
analytics,193,0,193
LIHNPSD,193,0,193
activpalProcessing,193,0,193
eventstudies,193,0,193
ykmeans,193,0,193
orQA,193,0,193
desplot,193,0,193
pollstR,193,0,193
agsemisc,193,0,193
ecb,193,0,193
ecb,193,0,193
easynls,193,0,193
rel,193,0,193
DunnettTests,193,0,193
pointRes,193,0,193
appell,193,0,193
vkR,193,0,193
rootWishart,193,0,193
PtProcess,193,0,193
rsq,193,0,193
powerCompRisk,193,0,193
AutoModel,193,0,193
classifly,193,0,193
camel,191,2,193
backShift,189,4,193
FRACTION,186,7,193
etrunct,176,17,193
cec2005benchmark,155,38,193
cec2013,153,40,193
disclap,80,113,193
fds,65,128,193
SGP,54,139,193
spi,192,0,192
sgd,192,0,192
rfordummies,192,0,192
SortableHTMLTables,192,0,192
Causata,192,0,192
creditr,192,0,192
hsdar,192,0,192
ddeploy,192,0,192
MetaQC,192,0,192
AssotesteR,192,0,192
NeatMap,192,0,192
biogas,192,0,192
colorscience,192,0,192
crplyr,192,0,192
bnspatial,192,0,192
BSagri,192,0,192
semGOF,192,0,192
hasseDiagram,189,3,192
blockmatrix,187,5,192
tm.plugin.alceste,162,30,192
philentropy,191,0,191
corr2D,191,0,191
inference,191,0,191
Bayesianbetareg,191,0,191
copCAR,191,0,191
gcite,191,0,191
CommEcol,191,0,191
CalibrateSSB,191,0,191
cape,191,0,191
currentSurvival,191,0,191
CombinS,191,0,191
D3partitionR,191,0,191
BrailleR,191,0,191
Rarity,191,0,191
BEDASSLE,191,0,191
growthmodels,191,0,191
aws.sqs,191,0,191
GEVcdn,191,0,191
ADM3,191,0,191
enviPick,190,1,191
enviPick,190,1,191
bionetdata,190,1,191
loglognorm,189,2,191
sitar,188,3,191
MSeasy,50,141,191
rfisheries,190,0,190
LexisPlotR,190,0,190
lsl,190,0,190
evolqg,190,0,190
AutoDeskR,190,0,190
artfima,190,0,190
dcGOR,190,0,190
pendensity,190,0,190
pathmox,190,0,190
gmatrix,190,0,190
capwire,190,0,190
ctmcd,190,0,190
NormalGamma,190,0,190
phylosignal,190,0,190
far,190,0,190
B2Z,190,0,190
GAR,190,0,190
pwrRasch,190,0,190
rPref,190,0,190
ipfp,185,5,190
modelObj,176,14,190
nhanesA,172,18,190
WhopGenome,170,20,190
rehh,170,20,190
HiClimR,151,39,190
dlstats,189,0,189
goalprog,189,0,189
wally,189,0,189
ADCT,189,0,189
crrp,189,0,189
RYandexTranslate,189,0,189
alleHap,189,0,189
neotoma,189,0,189
pcdpca,189,0,189
MCMCvis,189,0,189
RPyGeo,189,0,189
ScottKnottESD,189,0,189
datacheck,189,0,189
SvyNom,189,0,189
DTMCPack,189,0,189
reghelper,189,0,189
jmuOutlier,189,0,189
imguR,189,0,189
spatialfil,189,0,189
cAIC4,189,0,189
BioPET,189,0,189
future.BatchJobs,189,0,189
shinyLP,189,0,189
CausalGAM,189,0,189
landsat8,189,0,189
CCTpack,189,0,189
PlayerRatings,189,0,189
cyclocomp,189,0,189
ARTP,189,0,189
rtypeform,189,0,189
easySdcTable,189,0,189
CITAN,189,0,189
easypower,189,0,189
myTAI,189,0,189
downscale,188,1,189
Bhat,186,3,189
OpenMPController,164,25,189
rstream,149,40,189
rstream,149,40,189
gMWT,144,45,189
turboEM,127,62,189
icensmis,78,111,189
ompr,45,144,189
icamix,188,0,188
AdhereR,188,0,188
bsam,188,0,188
pcnetmeta,188,0,188
JPSurv,188,0,188
nat.templatebrains,188,0,188
KScorrect,188,0,188
graticule,188,0,188
rdefra,188,0,188
reinstallr,188,0,188
EngrExpt,188,0,188
FactMixtAnalysis,188,0,188
RAM,188,0,188
ArCo,188,0,188
mplot,188,0,188
aemo,188,0,188
epicalc,188,0,188
productivity,188,0,188
bapred,188,0,188
bWGR,188,0,188
PCGSE,188,0,188
label.switching,177,11,188
ssize.fdr,65,123,188
gamlss.util,52,136,188
ICsurv,48,140,188
r.jive,187,0,187
aqr,187,0,187
DeducerSurvival,187,0,187
DWreg,187,0,187
rpca,187,0,187
gym,187,0,187
beadarrayMSV,187,0,187
brainR,187,0,187
snn,187,0,187
G2Sd,187,0,187
Rhpc,187,0,187
rjsonapi,187,0,187
CHCN,187,0,187
rtfbs,187,0,187
CMplot,187,0,187
RobustRankAggreg,187,0,187
AR1seg,187,0,187
Stack,187,0,187
humanFormat,187,0,187
cancerGI,187,0,187
funtimes,187,0,187
SPACECAP,187,0,187
corehunter,187,0,187
AmpliconDuo,187,0,187
mkin,187,0,187
voxel,187,0,187
ngramrr,187,0,187
bifactorial,187,0,187
gambin,187,0,187
stmCorrViz,187,0,187
betaper,187,0,187
games,186,1,187
MetaSKAT,185,2,187
rflann,169,18,187
VariABEL,165,22,187
PairViz,153,34,187
syllable,141,46,187
ggspatial,186,0,186
qmethod,186,0,186
SemiParBIVProbit,186,0,186
cmna,186,0,186
CytobankAPI,186,0,186
ggROC,186,0,186
Calculator.LR.FNs,186,0,186
getlandsat,186,0,186
AdvBinomApps,186,0,186
AdvBinomApps,186,0,186
betas,186,0,186
frailtyHL,186,0,186
BIOMASS,186,0,186
compendiumdb,186,0,186
ampd,186,0,186
boussinesq,186,0,186
antaresViz,186,0,186
stable,186,0,186
AdjBQR,186,0,186
audit,186,0,186
DAGGER,186,0,186
SOD,186,0,186
enigma,186,0,186
ODB,186,0,186
TestDataImputation,186,0,186
msgps,185,1,186
partools,156,30,186
paleofire,151,35,186
SimplicialCubature,120,66,186
ordinalgmifs,91,95,186
AmyloGram,185,0,185
eggCounts,185,0,185
gitter,185,0,185
table1xls,185,0,185
MixGHD,185,0,185
dynatopmodel,185,0,185
hypergea,185,0,185
AssetPricing,185,0,185
HMR,185,0,185
conting,185,0,185
archivist.github,185,0,185
BayesSAE,185,0,185
OTUtable,185,0,185
brewdata,185,0,185
brewdata,185,0,185
invGauss,185,0,185
blockmodels,185,0,185
geophys,185,0,185
REQS,185,0,185
safeBinaryRegression,185,0,185
lmfor,185,0,185
cit,185,0,185
analogueExtra,185,0,185
auRoc,185,0,185
backtestGraphics,185,0,185
allan,185,0,185
DTDA,185,0,185
frair,185,0,185
jrvFinance,185,0,185
RobPer,185,0,185
npmv,185,0,185
acmeR,185,0,185
Segmentor3IsBack,178,7,185
predmixcor,184,0,184
FAMT,184,0,184
BayesMAMS,184,0,184
MergeGUI,184,0,184
addhaz,184,0,184
msaenet,184,0,184
ARCensReg,184,0,184
Grace,184,0,184
tint,184,0,184
mvtsplot,184,0,184
apsimr,184,0,184
pmr,184,0,184
plsVarSel,184,0,184
nlmeODE,184,0,184
BDWreg,184,0,184
OpenCL,169,15,184
Dominance,183,0,183
bigFastlm,183,0,183
idbr,183,0,183
DCL,183,0,183
ompr.roi,183,0,183
pseudo,183,0,183
SQN,183,0,183
hexSticker,183,0,183
W3CMarkupValidator,183,0,183
MindOnStats,183,0,183
CR,183,0,183
MASSTIMATE,183,0,183
HTSSIP,183,0,183
gamboostMSM,183,0,183
space,183,0,183
specmine,183,0,183
betalink,183,0,183
modes,183,0,183
DiversityOccupancy,183,0,183
HDtweedie,183,0,183
CpGassoc,183,0,183
LDOD,183,0,183
htmltidy,183,0,183
mregions,183,0,183
pxweb,183,0,183
EasyHTMLReport,183,0,183
JoSAE,183,0,183
pangaear,183,0,183
asympTest,183,0,183
BBRecapture,183,0,183
muma,183,0,183
AMGET,183,0,183
nparLD,183,0,183
knnGarden,183,0,183
coenocliner,178,5,183
npsm,161,22,183
mQTL,151,32,183
mQTL,151,32,183
SpatialVx,143,40,183
HHG,182,0,182
beadarrayFilter,182,0,182
BWStest,182,0,182
DESP,182,0,182
dblcens,182,0,182
codep,182,0,182
IsoriX,182,0,182
spate,182,0,182
arrApply,182,0,182
R2STATS,182,0,182
DeducerPlugInExample,182,0,182
FastImputation,182,0,182
tsdisagg2,182,0,182
ClusterStability,182,0,182
brotli,182,0,182
funcy,182,0,182
sfdct,182,0,182
rdatacite,182,0,182
sitmo,182,0,182
HSROC,182,0,182
alphabetr,182,0,182
BNPdensity,182,0,182
spex,182,0,182
RJaCGH,182,0,182
igraphtosonia,182,0,182
PGEE,182,0,182
energyr,136,46,182
EasyStrata,181,0,181
CopulaRegression,181,0,181
ARPobservation,181,0,181
oem,181,0,181
udapi,181,0,181
M3,181,0,181
RODM,181,0,181
ifaTools,181,0,181
coxsei,181,0,181
mkde,181,0,181
alterryx,181,0,181
phylin,181,0,181
astrodatR,181,0,181
survSNP,181,0,181
pairwiseCI,181,0,181
hqreg,181,0,181
BNSP,181,0,181
AnnotLists,181,0,181
ClimClass,181,0,181
olsrr,181,0,181
coala,181,0,181
carcass,181,0,181
CorrMixed,181,0,181
mexhaz,181,0,181
BinaryEPPM,181,0,181
packHV,181,0,181
BayesSingleSub,180,1,181
virustotal,176,5,181
sld,176,5,181
pageviews,175,6,181
mtconnectR,167,14,181
HWxtest,167,14,181
lcopula,148,33,181
longurl,180,0,180
awsjavasdk,180,0,180
onls,180,0,180
FastRWeb,180,0,180
APSIM,180,0,180
braQCA,180,0,180
APSIM,180,0,180
controlTest,180,0,180
couchDB,180,0,180
BayesCR,180,0,180
ajv,180,0,180
MCDA,180,0,180
cosso,180,0,180
simest,180,0,180
cgam,180,0,180
AnDE,180,0,180
Greg,180,0,180
ubeR,180,0,180
RcppRedis,180,0,180
ecoreg,180,0,180
phonR,180,0,180
RedditExtractoR,180,0,180
FBFsearch,180,0,180
StatRank,180,0,180
informR,180,0,180
BlakerCI,179,1,180
flip,178,2,180
mnis,174,6,180
strvalidator,153,27,180
strvalidator,153,27,180
SGPdata,41,139,180
lmridge,179,0,179
concordance,179,0,179
camsRad,179,0,179
PoweR,179,0,179
transcribeR,179,0,179
SphericalCubature,179,0,179
RAtmosphere,179,0,179
KODAMA,179,0,179
greport,179,0,179
bossMaps,179,0,179
cymruservices,179,0,179
CoinMinD,179,0,179
lss,179,0,179
MixedTS,179,0,179
CompareTests,179,0,179
surrosurv,179,0,179
GrammR,179,0,179
dfexplore,179,0,179
AlleleRetain,179,0,179
GoodmanKruskal,179,0,179
censusr,179,0,179
qrmdata,179,0,179
NormPsy,179,0,179
snakecase,179,0,179
quantregGrowth,179,0,179
RTDE,179,0,179
ltbayes,179,0,179
stremr,179,0,179
miscFuncs,179,0,179
gaussDiff,179,0,179
tcR,179,0,179
SeleMix,179,0,179
zoib,179,0,179
cOde,175,4,179
stdReg,169,10,179
plgp,163,16,179
photobiologyWavebands,21,158,179
cdfquantreg,178,0,178
gcerisk,178,0,178
AUtests,178,0,178
surveydata,178,0,178
RMediation,178,0,178
Newdistns,178,0,178
DCGL,178,0,178
RCA,178,0,178
PVAClone,178,0,178
LPCM,178,0,178
cosinor,178,0,178
ddpcr,178,0,178
rgam,178,0,178
maGUI,178,0,178
bmem,178,0,178
HMDHFDplus,178,0,178
robustgam,178,0,178
APSIMBatch,178,0,178
cruts,178,0,178
Select,178,0,178
bootsPLS,178,0,178
burnr,178,0,178
HydroMe,178,0,178
estatapi,178,0,178
rprintf,178,0,178
ilc,178,0,178
ICE,178,0,178
contoureR,178,0,178
contoureR,178,0,178
globalboosttest,178,0,178
InformativeCensoring,178,0,178
GORCure,178,0,178
Interpol.T,178,0,178
heritability,178,0,178
PerFit,178,0,178
factualR,178,0,178
stocks,178,0,178
smds,178,0,178
inpdfr,178,0,178
gMCP,178,0,178
etseed,178,0,178
NestedCohort,178,0,178
dbarts,167,11,178
TIMP,163,15,178
TriMatch,156,22,178
meteoland,129,49,178
ROptRegTS,81,97,178
samplingVarEst,58,120,178
mlt,47,131,178
BBEST,177,0,177
utiml,177,0,177
kutils,177,0,177
kutils,177,0,177
nCDunnett,177,0,177
kpcalg,177,0,177
BAEssd,177,0,177
superMDS,177,0,177
comato,177,0,177
hpoPlot,177,0,177
ecosim,177,0,177
eAnalytics,177,0,177
ATmet,177,0,177
IntegratedJM,177,0,177
libcoin,177,0,177
optiscale,177,0,177
caseMatch,177,0,177
bmlm,177,0,177
fpow,177,0,177
sparseSEM,177,0,177
pez,177,0,177
hcc,177,0,177
Rgb,177,0,177
lga,177,0,177
mgpd,177,0,177
poisson,177,0,177
biogeo,177,0,177
astrolibR,177,0,177
atsd,177,0,177
atsd,177,0,177
mpmi,173,4,177
mpmi,173,4,177
GSSE,176,0,176
GuardianR,176,0,176
lemon,176,0,176
RBPcurve,176,0,176
PKgraph,176,0,176
idem,176,0,176
bacr,176,0,176
bagRboostR,176,0,176
AlgebraicHaploPackage,176,0,176
clickR,176,0,176
xLLiM,176,0,176
hmmm,176,0,176
discgolf,176,0,176
tensorBSS,176,0,176
aws.ec2metadata,176,0,176
numGen,176,0,176
Counterfactual,176,0,176
connect3,176,0,176
cranlike,176,0,176
rcorpora,176,0,176
apple,176,0,176
pBrackets,176,0,176
gmediation,176,0,176
scidb,176,0,176
calmate,176,0,176
anoint,172,4,176
CAM,172,4,176
ccdrAlgorithm,166,10,176
CCAGFA,165,11,176
sparseHessianFD,161,15,176
matpow,158,18,176
tframePlus,140,36,176
openadds,175,0,175
flexsurvcure,175,0,175
emplik2,175,0,175
EBglmnet,175,0,175
AllPossibleSpellings,175,0,175
SparseFactorAnalysis,175,0,175
aws.ses,175,0,175
neurohcp,175,0,175
DEEPR,175,0,175
SMFI5,175,0,175
waterfall,175,0,175
oglmx,175,0,175
respirometry,175,0,175
eVenn,175,0,175
NPS,175,0,175
Lock5withR,175,0,175
BaySIC,175,0,175
LPmerge,175,0,175
BaySIC,175,0,175
gsbDesign,175,0,175
MonoPoly,175,0,175
batman,175,0,175
mnormpow,175,0,175
sejmRP,175,0,175
coloc,175,0,175
pch,174,1,175
mvQuad,162,13,175
IRISSeismic,42,133,175
BCEs0,174,0,174
EasyMARK,174,0,174
BCEs0,174,0,174
arf3DS4,174,0,174
DMRMark,174,0,174
OBsMD,174,0,174
selectiveInference,174,0,174
npROCRegression,174,0,174
sparsepp,174,0,174
ggdmc,174,0,174
npROCRegression,174,0,174
rich,174,0,174
SemiCompRisks,174,0,174
giRaph,174,0,174
epidata,174,0,174
QICD,174,0,174
FuzzyAHP,174,0,174
bingat,174,0,174
Runiversal,174,0,174
Runiversal,174,0,174
mise,174,0,174
rpsychi,174,0,174
BaTFLED3D,174,0,174
marg,174,0,174
rchess,174,0,174
largeList,174,0,174
PST,174,0,174
aVirtualTwins,174,0,174
gte,174,0,174
crskdiag,174,0,174
NPMLEcmprsk,174,0,174
saws,172,2,174
TrackReconstruction,162,12,174
IndependenceTests,160,14,174
gettz,136,38,174
plsdof,58,116,174
rehh.data,32,142,174
kmc,173,0,173
resumer,173,0,173
MEET,173,0,173
robustloggamma,173,0,173
granovaGG,173,0,173
robustloggamma,173,0,173
water,173,0,173
conformal,173,0,173
gkmSVM,173,0,173
CollapsABEL,173,0,173
eHOF,173,0,173
discreteRV,173,0,173
TestFunctions,173,0,173
COMBAT,173,0,173
Ake,173,0,173
rstpm2,173,0,173
assortnet,173,0,173
BinNor,173,0,173
cycleRtools,173,0,173
HURDAT,173,0,173
Compind,173,0,173
wildlifeDI,173,0,173
kaps,173,0,173
allelic,173,0,173
CryptRndTest,173,0,173
plotMCMC,173,0,173
DOT,173,0,173
remote,173,0,173
anapuce,173,0,173
EEM,173,0,173
PCIT,173,0,173
Rsampletrees,173,0,173
anapuce,173,0,173
request,173,0,173
pi0,172,1,173
cghseg,172,1,173
R2SWF,169,4,173
mlearning,168,5,173
funData,131,42,173
MGRASTer,125,48,173
inctools,172,0,172
EffectLiteR,172,0,172
multipleNCC,172,0,172
backpipe,172,0,172
BNPMIXcluster,172,0,172
iGSEA,172,0,172
ParallelPC,172,0,172
NPHMC,172,0,172
bnpmr,172,0,172
metaviz,172,0,172
asVPC,172,0,172
rbitcoinchartsapi,172,0,172
asVPC,172,0,172
idm,172,0,172
bsearchtools,172,0,172
ROI.plugin.clp,172,0,172
MCS,172,0,172
JointModel,172,0,172
queuecomputer,172,0,172
aimPlot,172,0,172
CINOEDV,172,0,172
JointModel,172,0,172
queuecomputer,172,0,172
ELYP,172,0,172
bayespref,172,0,172
biorxivr,172,0,172
psData,172,0,172
nlsMicrobio,172,0,172
gb,172,0,172
googlePublicData,172,0,172
meta4diag,172,0,172
npsurv,172,0,172
sofa,172,0,172
iBUGS,172,0,172
rtk,172,0,172
DJL,172,0,172
ForestTools,172,0,172
IATscores,172,0,172
wgeesel,172,0,172
autoSEM,172,0,172
boxoffice,172,0,172
baitmet,172,0,172
cancerTiming,172,0,172
AntAngioCOOL,172,0,172
ltmle,171,1,172
df2json,170,2,172
hansard,166,6,172
lazyData,163,9,172
rJPSGCS,159,13,172
binequality,171,0,171
PermAlgo,171,0,171
QuACN,171,0,171
dlmap,171,0,171
RtutoR,171,0,171
MCMC.qpcr,171,0,171
stablespec,171,0,171
errors,171,0,171
FuzzyLP,171,0,171
riceware,171,0,171
kmconfband,171,0,171
ri,171,0,171
CLME,171,0,171
fbar,171,0,171
RcppSMC,171,0,171
lunar,171,0,171
RobRex,171,0,171
ReorderCluster,171,0,171
iRefR,171,0,171
FindIt,171,0,171
CEGO,171,0,171
superdiag,171,0,171
choiceDes,171,0,171
IAT,171,0,171
attribrisk,171,0,171
biasbetareg,171,0,171
RCALI,171,0,171
apercu,171,0,171
CRM,171,0,171
psbcGroup,171,0,171
zebu,171,0,171
BMhyd,171,0,171
gamlss.demo,171,0,171
CONDOP,171,0,171
FREQ,171,0,171
harrietr,171,0,171
DataClean,171,0,171
dcemriS4,171,0,171
kselection,171,0,171
dcemriS4,171,0,171
MetSizeR,171,0,171
apricom,171,0,171
tlm,171,0,171
MetaAnalyser,171,0,171
clinsig,171,0,171
fICA,165,6,171
llama,164,7,171
SwissAir,163,8,171
forensim,159,12,171
SSL,170,0,170
rainfreq,170,0,170
logconcens,170,0,170
logconcens,170,0,170
roccv,170,0,170
ROI.plugin.ipop,170,0,170
CHAT,170,0,170
boostmtree,170,0,170
EpiContactTrace,170,0,170
miscset,170,0,170
MotilityLab,170,0,170
catenary,170,0,170
catenary,170,0,170
timetools,170,0,170
lefse,170,0,170
catlearn,170,0,170
LeafArea,170,0,170
eclust,170,0,170
CTM,170,0,170
Cite,170,0,170
Cite,170,0,170
crimelinkage,170,0,170
lmeresampler,170,0,170
sparktex,170,0,170
CANSIM2R,170,0,170
gendata,170,0,170
empiricalFDR.DESeq2,170,0,170
rbundler,170,0,170
pse,170,0,170
gfcanalysis,170,0,170
CondReg,170,0,170
ROpenWeatherMap,170,0,170
LDPD,170,0,170
lpridge,164,6,170
scriptests,163,7,170
orthogonalsplinebasis,157,13,170
tcpl,131,39,170
ocedata,50,120,170
AsynchLong,169,0,169
bdynsys,169,0,169
sdmpredictors,169,0,169
docxtools,169,0,169
IsotopeR,169,0,169
bmd,169,0,169
babar,169,0,169
atmcmc,169,0,169
DCA,169,0,169
dma,169,0,169
p3state.msm,169,0,169
taxizedb,169,0,169
gconcord,169,0,169
ashr,169,0,169
sNPLS,169,0,169
TEEReg,169,0,169
homeR,169,0,169
ConConPiWiFun,169,0,169
reReg,169,0,169
CARE1,169,0,169
fuzzywuzzyR,169,0,169
beyondWhittle,169,0,169
msmtools,169,0,169
neuropsychology,169,0,169
bdpopt,169,0,169
cope,169,0,169
r2glmm,169,0,169
r2glmm,169,0,169
demi,169,0,169
BASIX,166,3,169
surveybootstrap,162,7,169
humaniformat,156,13,169
RImageJROI,142,27,169
BSGW,137,32,169
HRM,168,0,168
ASSISTant,168,0,168
gimms,168,0,168
BPEC,168,0,168
summariser,168,0,168
OneTwoSamples,168,0,168
cooccurNet,168,0,168
appnn,168,0,168
NetCluster,168,0,168
seleniumPipes,168,0,168
geo,168,0,168
rintrojs,168,0,168
smam,168,0,168
MetaCycle,168,0,168
OptimalDesign,168,0,168
bcpmeta,168,0,168
bcpmeta,168,0,168
hyfo,168,0,168
glmc,168,0,168
eulerian,168,0,168
chords,168,0,168
dvfBm,168,0,168
mixKernel,168,0,168
OSMscale,168,0,168
fastpseudo,168,0,168
randaes,168,0,168
symmoments,168,0,168
BEQI2,168,0,168
npbr,168,0,168
multicon,168,0,168
lmf,168,0,168
lulcc,168,0,168
bdots,168,0,168
extfunnel,168,0,168
enveomics.R,168,0,168
aprean3,168,0,168
cdcsis,168,0,168
BCellMA,168,0,168
PHeval,168,0,168
CompareCausalNetworks,168,0,168
distrRmetrics,168,0,168
chebpol,168,0,168
finch,168,0,168
curvetest,168,0,168
curvetest,168,0,168
CerioliOutlierDetection,168,0,168
ragt2ridges,168,0,168
BiTrinA,168,0,168
RTriangle,159,9,168
ionicons,150,18,168
csampling,141,27,168
variables,133,35,168
switchr,64,104,168
wpp2012,37,131,168
b6e6rl,167,0,167
hiPOD,167,0,167
amei,167,0,167
bootruin,167,0,167
ldr,167,0,167
polyaAeppli,167,0,167
automultinomial,167,0,167
trackeR,167,0,167
GLSME,167,0,167
quantable,167,0,167
TDAmapper,167,0,167
causalsens,167,0,167
quantable,167,0,167
cellVolumeDist,167,0,167
BiDimRegression,167,0,167
CNVassoc,167,0,167
intercure,167,0,167
dendrometeR,167,0,167
cyphid,167,0,167
AutoregressionMDE,167,0,167
DVHmetrics,167,0,167
EloRating,167,0,167
geoBayes,167,0,167
CMF,167,0,167
BayHap,167,0,167
bastah,167,0,167
xmeta,167,0,167
IntClust,167,0,167
BAMBI,167,0,167
smapr,167,0,167
smapr,167,0,167
DecisionCurve,167,0,167
hybridEnsemble,167,0,167
originr,167,0,167
hawkes,167,0,167
nbpMatching,71,96,167
qrLMM,38,129,167
bioplots,166,0,166
svdvis,166,0,166
ptstem,166,0,166
Countr,166,0,166
ptstem,166,0,166
reda,166,0,166
ASPBay,166,0,166
ROpenDota,166,0,166
bootLR,166,0,166
causaldrf,166,0,166
growthrates,166,0,166
LogrankA,166,0,166
varbvs,166,0,166
FCMapper,166,0,166
bimixt,166,0,166
FishResp,166,0,166
BSGS,166,0,166
FREGAT,166,0,166
CountsEPPM,166,0,166
gglogo,166,0,166
SHELF,166,0,166
BCRA,166,0,166
ICC.Sample.Size,166,0,166
AmmoniaConcentration,166,0,166
gasfluxes,166,0,166
boostSeq,166,0,166
cumSeg,166,0,166
goft,166,0,166
ICGOR,166,0,166
qwraps2,166,0,166
paf,166,0,166
snp.plotter,166,0,166
Blossom,166,0,166
fiery,166,0,166
mvrtn,166,0,166
gset,166,0,166
BTSPAS,166,0,166
CNOGpro,166,0,166
prcbench,166,0,166
countyweather,166,0,166
ddst,163,3,166
mrfDepth,157,9,166
sparsesvd,116,50,166
fCertificates,84,82,166
mefa4,50,116,166
rkafkajars,33,133,166
R2GUESS,165,0,165
lpc,165,0,165
ConnMatTools,165,0,165
Infusion,165,0,165
ORCME,165,0,165
PGM2,165,0,165
dataview,165,0,165
condmixt,165,0,165
miCoPTCM,165,0,165
ORDER2PARENT,165,0,165
boottol,165,0,165
fitplc,165,0,165
dml,165,0,165
CombinePValue,165,0,165
EMVC,165,0,165
CIDnetworks,165,0,165
pre,165,0,165
flexPM,165,0,165
ecoval,165,0,165
EDR,165,0,165
SPECIES,165,0,165
FTICRMS,165,0,165
BACCT,165,0,165
ber,165,0,165
finiteruinprob,165,0,165
c212,165,0,165
genSurv,165,0,165
breakage,165,0,165
BayesBinMix,165,0,165
badgecreatr,165,0,165
cowbell,165,0,165
furniture,165,0,165
corkscrew,165,0,165
hcci,165,0,165
BUCSS,165,0,165
hcci,165,0,165
fit4NM,165,0,165
clusternomics,165,0,165
bunchr,165,0,165
tempR,165,0,165
hypothesestest,165,0,165
ggpolypath,164,1,165
R2G2,159,6,165
dgodata,153,12,165
qtlnet,152,13,165
stringb,144,21,165
eply,142,23,165
MaxPro,134,31,165
SPIn,130,35,165
MNM,129,36,165
CovSel,164,0,164
FLSSS,164,0,164
FLSSS,164,0,164
CovSel,164,0,164
Rdsdp,164,0,164
ELMR,164,0,164
TR8,164,0,164
findviews,164,0,164
EMbC,164,0,164
CensSpatial,164,0,164
BACprior,164,0,164
ClimDown,164,0,164
ClimDown,164,0,164
kmodR,164,0,164
plantecophys,164,0,164
mrMLM,164,0,164
compareODM,164,0,164
poistweedie,164,0,164
boolean3,164,0,164
odds.converter,164,0,164
blighty,164,0,164
FlexParamCurve,164,0,164
clusterGenomics,164,0,164
rkafka,164,0,164
Bagidis,164,0,164
analyz,164,0,164
BigTSP,164,0,164
TBSSurvival,164,0,164
bisectr,164,0,164
MCDM,164,0,164
qtlDesign,164,0,164
plusser,164,0,164
swamp,164,0,164
ImputeRobust,164,0,164
DiallelAnalysisR,164,0,164
arnie,164,0,164
surv2sampleComp,164,0,164
SGCS,164,0,164
UBL,164,0,164
downsize,164,0,164
ComICS,164,0,164
blendedLink,164,0,164
pcaL1,164,0,164
BIGDAWG,164,0,164
forecastSNSTS,164,0,164
GPareto,158,6,164
rsae,158,6,164
munsellinterpol,133,31,164
GANPA,52,112,164
CNVassocData,39,125,164
blkergm,163,0,163
BalanceCheck,163,0,163
lrmest,163,0,163
Przewodnik,163,0,163
R0,163,0,163
fdaPDE,163,0,163
meifly,163,0,163
gbm2sas,163,0,163
binomlogit,163,0,163
alineR,163,0,163
cpca,163,0,163
Sample.Size,163,0,163
crn,163,0,163
cpca,163,0,163
rAvis,163,0,163
plater,163,0,163
CCM,163,0,163
bssn,163,0,163
mads,163,0,163
survPresmooth,163,0,163
bibliospec,163,0,163
GPvam,163,0,163
asdreader,163,0,163
FuzzyToolkitUoN,163,0,163
FastGP,163,0,163
HiCfeat,163,0,163
ump,163,0,163
CatDyn,163,0,163
rspa,163,0,163
directPA,163,0,163
COMMUNAL,163,0,163
cdlTools,163,0,163
BuyseTest,163,0,163
brm,163,0,163
RGoogleAnalyticsPremium,163,0,163
HomoPolymer,163,0,163
banxicoR,163,0,163
CopulaDTA,163,0,163
HomoPolymer,163,0,163
PROscorer,163,0,163
detect,163,0,163
bayesloglin,163,0,163
ClusteredMutations,163,0,163
BonEV,163,0,163
stppResid,163,0,163
FIACH,163,0,163
keypress,163,0,163
qrNLMM,161,2,163
glmgraph,161,2,163
rCarto,159,4,163
NPCD,158,5,163
fold,145,18,163
MenuCollection,135,28,163
wrassp,133,30,163
plotwidgets,111,52,163
countytimezones,35,128,163
remoter,162,0,162
BMN,162,0,162
YPmodel,162,0,162
CGP,162,0,162
qrsvm,162,0,162
humarray,162,0,162
catIrt,162,0,162
httping,162,0,162
metaLik,162,0,162
rhosp,162,0,162
bdrift,162,0,162
bde,162,0,162
CorrBin,162,0,162
CATkit,162,0,162
clustRcompaR,162,0,162
wordbankr,162,0,162
MFPCA,162,0,162
shadow,162,0,162
mvprpb,162,0,162
wordbankr,162,0,162
ROI.plugin.scs,162,0,162
sms,162,0,162
GDELTtools,162,0,162
binsmooth,162,0,162
EcoTroph,162,0,162
walkr,162,0,162
vennplot,162,0,162
TTmoment,162,0,162
FDboost,162,0,162
drsmooth,162,0,162
tranSurv,162,0,162
lmem.gwaser,162,0,162
MAclinical,162,0,162
CorrectOverloadedPeaks,162,0,162
complmrob,162,0,162
BCSub,162,0,162
ROI.plugin.cplex,162,0,162
GOGANPA,162,0,162
zendeskR,162,0,162
revdbayes,162,0,162
corclass,162,0,162
sdwd,162,0,162
shotGroups,162,0,162
evoper,162,0,162
AnglerCreelSurveySimulation,162,0,162
cumstats,162,0,162
OceanView,162,0,162
EpiDynamics,162,0,162
riverdist,162,0,162
LifeTables,162,0,162
DIFtree,162,0,162
minque,162,0,162
ArArRedux,162,0,162
NPflow,162,0,162
drfit,162,0,162
rococo,162,0,162
gibbs.met,162,0,162
bayesbio,162,0,162
HistDAWass,162,0,162
cdom,161,1,162
MEGENA,160,2,162
gapmap,157,5,162
gapmap,157,5,162
rsgcc,146,16,162
svgViewR,116,46,162
DISTRIB,161,0,161
cutoffR,161,0,161
dtree,161,0,161
calibrar,161,0,161
OrdFacReg,161,0,161
CORM,161,0,161
DrillR,161,0,161
CPMCGLM,161,0,161
BKPC,161,0,161
pedantics,161,0,161
rfPermute,161,0,161
kernelboot,161,0,161
GLDreg,161,0,161
rngwell19937,161,0,161
blockseg,161,0,161
powerGWASinteraction,161,0,161
vmsbase,161,0,161
VdgRsm,161,0,161
linear.tools,161,0,161
DetMCD,161,0,161
ROpenFIGI,161,0,161
shinyFeedback,161,0,161
spduration,161,0,161
ionflows,161,0,161
geneNetBP,161,0,161
vowels,161,0,161
CircNNTSR,161,0,161
vembedr,161,0,161
as.color,161,0,161
GrpString,161,0,161
denovolyzeR,161,0,161
gromovlab,161,0,161
rTableICC,161,0,161
ConjointChecks,161,0,161
COBRA,161,0,161
CircOutlier,161,0,161
aspi,161,0,161
lsgl,161,0,161
NAPPA,161,0,161
readability,161,0,161
bglm,161,0,161
GRANBase,161,0,161
NAPPA,161,0,161
readability,161,0,161
epoc,161,0,161
pRF,161,0,161
RiskPortfolios,161,0,161
scoring,161,0,161
nonrandom,161,0,161
clogitLasso,161,0,161
kmlShape,161,0,161
corcounts,161,0,161
rcicr,161,0,161
diffeR,161,0,161
survivalMPL,161,0,161
cin,161,0,161
EDISON,157,4,161
DIME,156,5,161
scs,153,8,161
sound,138,23,161
Familias,120,41,161
paintmap,108,53,161
paintmap,108,53,161
Fgmutils,88,73,161
collUtils,36,125,161
ROptEstOld,35,126,161
exactmeta,160,0,160
hashids,160,0,160
Rdpack,160,0,160
CNprep,160,0,160
ClamR,160,0,160
FuzzyStatProb,160,0,160
ccda,160,0,160
SMR,160,0,160
RFc,160,0,160
fakeR,160,0,160
validann,160,0,160
Rgnuplot,160,0,160
MultiMeta,160,0,160
censusGeography,160,0,160
MazamaSpatialUtils,160,0,160
prozor,160,0,160
FlowScreen,160,0,160
kofnGA,160,0,160
haplo.ccs,160,0,160
BayesGESM,160,0,160
survexp.fr,160,0,160
BootWPTOS,160,0,160
colorhcplot,160,0,160
LinearRegressionMDE,160,0,160
RadOnc,160,0,160
compete,160,0,160
probemod,160,0,160
cems,160,0,160
ClustMMDD,160,0,160
GraphKit,160,0,160
sizeMat,160,0,160
flora,160,0,160
Xmisc,160,0,160
CosmoPhotoz,160,0,160
haarfisz,156,4,160
gbRd,132,28,160
gbRd,132,28,160
osd,120,40,160
survJamda.data,58,102,160
ERP,159,0,159
SpeciesMix,159,0,159
dils,159,0,159
DMR,159,0,159
DMR,159,0,159
cgwtools,159,0,159
complexity,159,0,159
dad,159,0,159
icd9,159,0,159
BivUnifBin,159,0,159
pdfsearch,159,0,159
mixcat,159,0,159
changepoint.np,159,0,159
unpivotr,159,0,159
pawls,159,0,159
GerminaR,159,0,159
BCEE,159,0,159
etasFLP,159,0,159
SASmixed,159,0,159
dicionariosIBGE,159,0,159
gazepath,159,0,159
hierNet,159,0,159
hierNet,159,0,159
vegclust,159,0,159
BMRV,159,0,159
rpostgisLT,159,0,159
HapEstXXR,159,0,159
Interpol,159,0,159
EnsemblePCReg,159,0,159
cifti,159,0,159
cifti,159,0,159
uniah,159,0,159
CommunityCorrelogram,159,0,159
edrGraphicalTools,159,0,159
Branching,159,0,159
CrossScreening,159,0,159
frontiles,159,0,159
ldamatch,159,0,159
SpadeR,159,0,159
wec,159,0,159
ggenealogy,159,0,159
refund.shiny,159,0,159
wasim,159,0,159
PubBias,159,0,159
metaRNASeq,158,1,159
Dodge,155,4,159
dostats,153,6,159
ProbYX,151,8,159
regtest,140,19,159
rslp,111,48,159
ontologySimilarity,36,123,159
snpar,158,0,158
ReinforcementLearning,158,0,158
rankhazard,158,0,158
extremogram,158,0,158
extremogram,158,0,158
pleiades,158,0,158
g2f,158,0,158
aslib,158,0,158
erp.easy,158,0,158
FunctionalNetworks,158,0,158
D3M,158,0,158
maboost,158,0,158
multiDimBio,158,0,158
briskaR,158,0,158
googleformr,158,0,158
multiDimBio,158,0,158
GiNA,158,0,158
miRtest,158,0,158
munfold,158,0,158
PrevMap,158,0,158
confidence,158,0,158
confidence,158,0,158
SAENET,158,0,158
CDLasso,158,0,158
eDMA,158,0,158
plotluck,158,0,158
sss,158,0,158
nzelect,158,0,158
Digiroo2,158,0,158
r2lh,158,0,158
MRsurv,158,0,158
MRsurv,158,0,158
hwde,158,0,158
mGSZ,158,0,158
graphkernels,158,0,158
BayesCombo,158,0,158
likeLTD,158,0,158
mixtox,158,0,158
ecospace,158,0,158
GMAC,158,0,158
wallace,158,0,158
wSVM,158,0,158
BayesTreePrior,158,0,158
epinet,158,0,158
PEIP,158,0,158
exprso,158,0,158
CityPlot,158,0,158
ForwardSearch,158,0,158
PopVar,158,0,158
rCMA,158,0,158
REPPlab,157,1,158
orca,157,1,158
decoder,155,3,158
symbols,147,11,158
disposables,144,14,158
mht,130,28,158
gamlss.nl,43,115,158
InSilicoVA,157,0,157
sitools,157,0,157
gplm,157,0,157
survAccuracyMeasures,157,0,157
msarc,157,0,157
modMax,157,0,157
gitgadget,157,0,157
gitgadget,157,0,157
radiomics,157,0,157
nnetpredint,157,0,157
emil,157,0,157
ConSpline,157,0,157
BlockMessage,157,0,157
bpa,157,0,157
CRAC,157,0,157
CoFRA,157,0,157
x.ent,157,0,157
bnormnlr,157,0,157
MBC,157,0,157
multisom,157,0,157
dixon,157,0,157
RFinfer,157,0,157
GSAgm,157,0,157
ktspair,157,0,157
Rdistance,157,0,157
red,157,0,157
chngpt,157,0,157
timelineS,157,0,157
BIPOD,157,0,157
mvdalab,157,0,157
HDPenReg,156,1,157
colorSpec,154,3,157
jointDiag,148,9,157
clere,138,19,157
pooh,60,97,157
parallelML,156,0,156
CensRegMod,156,0,156
HIest,156,0,156
SeqGrapheR,156,0,156
ICBayes,156,0,156
geofd,156,0,156
CheckDigit,156,0,156
colf,156,0,156
HDoutliers,156,0,156
descriptr,156,0,156
bmk,156,0,156
CUB,156,0,156
npsp,156,0,156
generalCorr,156,0,156
SAPP,156,0,156
MSeasyTkGUI,156,0,156
cg,156,0,156
erpR,156,0,156
imputeMulti,156,0,156
BoardGames,156,0,156
kappaSize,156,0,156
micEconIndex,156,0,156
ssmrob,156,0,156
multivator,156,0,156
R6Frame,156,0,156
sensR,156,0,156
mma,156,0,156
bulletr,156,0,156
StatMeasures,156,0,156
EGRETci,156,0,156
lmvar,156,0,156
spef,156,0,156
lifelogr,156,0,156
bbefkr,156,0,156
BinaryEMVS,156,0,156
RTOMO,156,0,156
IPMpack,156,0,156
DTR,156,0,156
msaR,156,0,156
DNLC,156,0,156
eiCompare,156,0,156
DoubleExpSeq,156,0,156
BNDataGenerator,156,0,156
aws.polly,156,0,156
PoisNonNor,153,3,156
tdr,152,4,156
filenamer,148,8,156
SLOPE,145,11,156
ryouready,145,11,156
kelvin,44,112,156
icesVocab,34,122,156
mlDNA,155,0,155
cwm,155,0,155
Combine,155,0,155
RInSp,155,0,155
gatepoints,155,0,155
gatepoints,155,0,155
heatmapFit,155,0,155
chopthin,155,0,155
timeseriesdb,155,0,155
pollen,155,0,155
OutrankingTools,155,0,155
NIPTeR,155,0,155
tmvnsim,155,0,155
bayesGDS,155,0,155
bayesGDS,155,0,155
betafam,155,0,155
envirem,155,0,155
colorr,155,0,155
hashr,155,0,155
gomms,155,0,155
DPBBM,155,0,155
FLightR,155,0,155
cpk,155,0,155
FLightR,155,0,155
bodenmiller,155,0,155
ConvCalendar,155,0,155
dpcR,155,0,155
EpiBayes,155,0,155
recluster,155,0,155
classyfire,155,0,155
hSDM,155,0,155
powerbydesign,155,0,155
dSVA,155,0,155
NonCompart,155,0,155
PoisBinOrdNonNor,155,0,155
MDplot,155,0,155
kantorovich,155,0,155
randNames,155,0,155
DDHFm,155,0,155
GRS.test,155,0,155
phenology,155,0,155
hommel,155,0,155
MetaLandSim,155,0,155
EffectTreat,155,0,155
fractional,151,4,155
InPosition,150,5,155
coRanking,150,5,155
MfUSampler,145,10,155
sharpshootR,131,24,155
HiCseg,154,0,154
HARtools,154,0,154
etable,154,0,154
grt,154,0,154
dbfaker,154,0,154
rdpla,154,0,154
rdpla,154,0,154
helsinki,154,0,154
ChaosGame,154,0,154
embryogrowth,154,0,154
DECIDE,154,0,154
hgm,154,0,154
phylopath,154,0,154
ffmanova,154,0,154
ICAOD,154,0,154
dagbag,154,0,154
geoCount,154,0,154
clogitboost,154,0,154
BayesNI,154,0,154
osDesign,154,0,154
implyr,154,0,154
CepLDA,154,0,154
lakemorpho,154,0,154
fdatest,154,0,154
scuba,154,0,154
simpleRCache,154,0,154
datamap,154,0,154
fdrDiscreteNull,154,0,154
violinmplot,154,0,154
exampletestr,154,0,154
smfsb,154,0,154
PResiduals,154,0,154
ClusterRankTest,154,0,154
CircE,154,0,154
DTComPair,154,0,154
dlib,154,0,154
FreeSortR,154,0,154
DSBayes,154,0,154
gsrc,154,0,154
Libra,154,0,154
geoSpectral,154,0,154
Comp2ROC,154,0,154
nlreg,152,2,154
lqr,152,2,154
pcrsim,129,25,154
Rearrangement,121,33,154
dGAselID,153,0,153
s2dverification,153,0,153
dGAselID,153,0,153
batade,153,0,153
infoDecompuTE,153,0,153
HLSM,153,0,153
dams,153,0,153
DTRlearn,153,0,153
dcmr,153,0,153
TestSurvRec,153,0,153
aSPC,153,0,153
PhenotypeSimulator,153,0,153
inegiR,153,0,153
NB.MClust,153,0,153
EnsembleCV,153,0,153
robcor,153,0,153
NoiseFiltersR,153,0,153
cvxbiclustr,153,0,153
localsolver,153,0,153
cablecuttr,153,0,153
divagis,153,0,153
wordspace,153,0,153
errint,153,0,153
rodd,153,0,153
fdakma,153,0,153
fdakma,153,0,153
CARLIT,153,0,153
DeLorean,153,0,153
migui,153,0,153
EMMLi,153,0,153
disparityfilter,153,0,153
bethel,153,0,153
crackR,153,0,153
affluenceIndex,153,0,153
cosmoFns,153,0,153
fdaMixed,153,0,153
GUTS,153,0,153
SimCorMultRes,153,0,153
BOG,153,0,153
penMSM,153,0,153
MapGAM,153,0,153
melviewr,153,0,153
RANKS,153,0,153
breakaway,153,0,153
gtx,153,0,153
minimax,153,0,153
bgmfiles,152,1,153
simcausal,152,1,153
vwr,151,2,153
seismicRoll,128,25,153
recoder,152,0,152
kokudosuuchi,152,0,152
genemodel,152,0,152
DALY,152,0,152
cotrend,152,0,152
panelaggregation,152,0,152
DALY,152,0,152
cotrend,152,0,152
PoissonSeq,152,0,152
panelaggregation,152,0,152
regRSM,152,0,152
CircularDDM,152,0,152
caribou,152,0,152
HMMCont,152,0,152
eLNNpaired,152,0,152
ROCS,152,0,152
lbiassurv,152,0,152
phylocurve,152,0,152
coloredICA,152,0,152
hsmm,152,0,152
desiR,152,0,152
citccmst,152,0,152
CINID,152,0,152
fdrci,152,0,152
R4CouchDB,152,0,152
ZillowR,152,0,152
OptimaRegion,152,0,152
OptimaRegion,152,0,152
cgh,152,0,152
fbRanks,152,0,152
EffectStars,152,0,152
cheb,152,0,152
EFDR,152,0,152
DREGAR,152,0,152
dawai,152,0,152
waterfalls,152,0,152
SurvLong,152,0,152
BayesH,152,0,152
dcv,152,0,152
ECctmc,152,0,152
DySeq,152,0,152
luca,152,0,152
TANDEM,152,0,152
CVThresh,152,0,152
bridger2,152,0,152
MVLM,152,0,152
DATforDCEMRI,152,0,152
FPDclustering,152,0,152
rsunlight,152,0,152
ecd,145,7,152
spacodiR,142,10,152
ptinpoly,125,27,152
oaColors,51,101,152
rgpui,46,106,152
mvc,151,0,151
dna,151,0,151
csrplus,151,0,151
NPCirc,151,0,151
colr,151,0,151
DDIwR,151,0,151
leaderCluster,151,0,151
disclapmix,151,0,151
word.alignment,151,0,151
RSmartlyIO,151,0,151
snplist,151,0,151
LncPath,151,0,151
aptg,151,0,151
rportfolios,151,0,151
FacPad,151,0,151
ds,151,0,151
rCBA,151,0,151
nullabor,151,0,151
geotools,151,0,151
Rlda,151,0,151
gWQS,151,0,151
GsymPoint,151,0,151
dnc,151,0,151
dnc,151,0,151
btf,151,0,151
birdnik,151,0,151
PRISMA,151,0,151
hapassoc,151,0,151
source.gist,151,0,151
exploreR,151,0,151
TurtleGraphics,151,0,151
rase,151,0,151
crimCV,151,0,151
forams,151,0,151
Thinknum,151,0,151
quantchem,151,0,151
RMOA,151,0,151
BEACH,151,0,151
GExMap,151,0,151
commentr,151,0,151
netassoc,151,0,151
NNLM,151,0,151
snpEnrichment,151,0,151
RRTCS,151,0,151
cloudUtil,151,0,151
EILA,151,0,151
link2GI,151,0,151
SurvRank,151,0,151
link2GI,151,0,151
opentraj,151,0,151
enrichvs,151,0,151
paleomorph,151,0,151
diffractometry,151,0,151
fbroc,151,0,151
dpmr,151,0,151
micromapST,151,0,151
scaRabee,151,0,151
ergm.graphlets,151,0,151
RNAseqNet,151,0,151
ChannelAttributionApp,151,0,151
karaoke,151,0,151
HeritSeq,151,0,151
LEAPFrOG,151,0,151
PCovR,150,1,151
OrdinalLogisticBiplot,143,8,151
phmm,134,17,151
KrigInv,131,20,151
braidrm,23,128,151
FastRCS,150,0,150
subniche,150,0,150
dst,150,0,150
score,150,0,150
FastRCS,150,0,150
FinCovRegularization,150,0,150
plac,150,0,150
repolr,150,0,150
bimetallic,150,0,150
bvenn,150,0,150
ncappc,150,0,150
bcROCsurface,150,0,150
EFS,150,0,150
iClick,150,0,150
RAPIDR,150,0,150
cumplyr,150,0,150
rrecsys,150,0,150
JAGUAR,150,0,150
lar,150,0,150
tsallisqexp,150,0,150
SimHaz,150,0,150
MicroDatosEs,150,0,150
peakPick,150,0,150
rnpn,150,0,150
MSG,150,0,150
gravity,150,0,150
jtrans,150,0,150
RbioRXN,150,0,150
RWebLogo,150,0,150
reweight,150,0,150
ChargeTransport,150,0,150
censorcopula,150,0,150
fdcov,150,0,150
ergm.ego,150,0,150
imPois,150,0,150
OData,150,0,150
Maeswrap,150,0,150
bbo,150,0,150
GMCM,150,0,150
tabplotd3,150,0,150
BayesPieceHazSelect,150,0,150
CDF.PSIdekick,150,0,150
decon,150,0,150
RSeed,150,0,150
GlobalDeviance,150,0,150
gcdnet,150,0,150
CampaR1,150,0,150
PortfolioEffectEstim,150,0,150
SNPtools,150,0,150
simctest,150,0,150
popdemo,150,0,150
repo,150,0,150
MImix,150,0,150
CCpop,150,0,150
DEMEtics,149,1,150
lintools,149,1,150
dielectric,142,8,150
mgraph,141,9,150
prettycode,140,10,150
NominalLogisticBiplot,119,31,150
pheno,50,100,150
dbEmpLikeGOF,37,113,150
InterSIM,31,119,150
nat.nblast,149,0,149
bgsmtr,149,0,149
detzrcr,149,0,149
Tnseq,149,0,149
blender,149,0,149
binomialcftp,149,0,149
cSFM,149,0,149
citbcmst,149,0,149
binford,149,0,149
flowDiv,149,0,149
CMPControl,149,0,149
crtests,149,0,149
dynpanel,149,0,149
RJafroc,149,0,149
mev,149,0,149
urlshorteneR,149,0,149
intamapInteractive,149,0,149
ora,149,0,149
ebimetagenomics,149,0,149
TPmsm,149,0,149
geosptdb,149,0,149
cointmonitoR,149,0,149
GPC,149,0,149
Barycenter,149,0,149
gamlss.spatial,149,0,149
COMBIA,149,0,149
deductive,149,0,149
RsimMosaic,149,0,149
COMBIA,149,0,149
gridsampler,149,0,149
DivE,149,0,149
bmmix,149,0,149
HiDimMaxStable,149,0,149
RStripe,149,0,149
DiversitySampler,149,0,149
HiDimMaxStable,149,0,149
RStripe,149,0,149
Rtts,149,0,149
bayesreg,149,0,149
MultiOrd,148,1,149
MultiOrd,148,1,149
sns,145,4,149
Trading,138,11,149
weightr,134,15,149
SACCR,132,17,149
ttutils,127,22,149
ttutils,127,22,149
GANPAdata,38,111,149
FADA,148,0,148
SID,148,0,148
Metatron,148,0,148
Metatron,148,0,148
GenWin,148,0,148
mp,148,0,148
Density.T.HoldOut,148,0,148
rosetteApi,148,0,148
Skillings.Mack,148,0,148
CrossVA,148,0,148
metaplotr,148,0,148
plumbr,148,0,148
RSvgDevice,148,0,148
CORE,148,0,148
ramify,148,0,148
plotpc,148,0,148
Perc,148,0,148
Copula.Markov,148,0,148
helloJavaWorld,148,0,148
utf8latex,148,0,148
rfoaas,148,0,148
simMSM,148,0,148
ensembleMOS,148,0,148
CIFsmry,148,0,148
pedgene,148,0,148
CCMnet,148,0,148
DOBAD,148,0,148
OjaNP,148,0,148
desire,148,0,148
cchs,148,0,148
seqmon,148,0,148
HoRM,148,0,148
chemmodlab,148,0,148
sft,148,0,148
SearchTrees,148,0,148
NPC,148,0,148
dglars,148,0,148
MAT,148,0,148
cgAUC,148,0,148
threg,148,0,148
cocoreg,148,0,148
haplotypes,148,0,148
enviGCMS,148,0,148
haplotypes,148,0,148
lmeNB,148,0,148
DetSel,148,0,148
EditImputeCont,148,0,148
excursions,148,0,148
hit,148,0,148
rmdshower,148,0,148
signmedian.test,148,0,148
CTTShiny,148,0,148
FusedPCA,148,0,148
VCA,144,4,148
loe,142,6,148
plink,140,8,148
fanovaGraph,138,10,148
plus,130,18,148
funr,119,29,148
smoothie,109,39,148
secrdesign,50,98,148
rccmisc,48,100,148
sos4R,147,0,147
kobe,147,0,147
hillmakeR,147,0,147
RealVAMS,147,0,147
hmm.discnp,147,0,147
epifit,147,0,147
geneSLOPE,147,0,147
ensembleR,147,0,147
epifit,147,0,147
JOUSBoost,147,0,147
gfer,147,0,147
Biolinv,147,0,147
docopulae,147,0,147
rasclass,147,0,147
MRCE,147,0,147
rmngb,147,0,147
Conigrave,147,0,147
CorporaCoCo,147,0,147
corrsieve,147,0,147
rmngb,147,0,147
mglR,147,0,147
isocir,147,0,147
RpeakChrom,147,0,147
ppiPre,147,0,147
RadioSonde,147,0,147
AssayCorrector,147,0,147
readMLData,147,0,147
HUM,147,0,147
redist,147,0,147
structSSI,147,0,147
onehot,147,0,147
dfphase1,147,0,147
EMSaov,147,0,147
diffIRT,147,0,147
BioFTF,147,0,147
InvariantCausalPrediction,147,0,147
diffdepprop,147,0,147
EnviroStat,147,0,147
cooptrees,147,0,147
easyformatr,147,0,147
makedummies,147,0,147
FeaLect,147,0,147
HierO,147,0,147
ProfessR,147,0,147
HWEBayes,147,0,147
TUWmodel,147,0,147
TUWmodel,147,0,147
webreadr,147,0,147
cleanEHR,147,0,147
EWGoF,147,0,147
epr,147,0,147
BivRegBLS,147,0,147
dMod,147,0,147
gesis,147,0,147
sweidnumbr,143,4,147
LDRTools,138,9,147
Ohmage,137,10,147
grpregOverlap,34,113,147
lmeNBBayes,32,115,147
timedelay,146,0,146
RNAstructureModuleMiner,146,0,146
CpGFilter,146,0,146
chromoR,146,0,146
cquad,146,0,146
TreeBUGS,146,0,146
comclim,146,0,146
MRCV,146,0,146
ElstonStewart,146,0,146
DivMelt,146,0,146
cdb,146,0,146
RunuranGUI,146,0,146
gapfill,146,0,146
RunuranGUI,146,0,146
cdb,146,0,146
mlt.docreg,146,0,146
medicalrisk,146,0,146
Dark,146,0,146
knockoff,146,0,146
lmmlasso,146,0,146
Sequential,146,0,146
dataonderivatives,146,0,146
GESTr,146,0,146
Sequential,146,0,146
RCMIP5,146,0,146
shopifyr,146,0,146
spant,146,0,146
poplite,146,0,146
freqparcoord,146,0,146
geotopbricks,146,0,146
OpasnetUtils,146,0,146
slickR,146,0,146
slickR,146,0,146
Qtools,146,0,146
yesno,146,0,146
ChangepointTesting,146,0,146
cvq2,146,0,146
binst,146,0,146
ManifoldOptim,146,0,146
CSclone,146,0,146
cnmlcd,146,0,146
crop,146,0,146
DoubleCone,146,0,146
CONS,146,0,146
dynRB,146,0,146
GenForImp,146,0,146
BGSIMD,146,0,146
kernDeepStackNet,146,0,146
photobiologyPlants,146,0,146
DisimForMixed,146,0,146
neuRosim,146,0,146
photobiologyPlants,146,0,146
DisimForMixed,146,0,146
VBLPCM,146,0,146
DSviaDRM,146,0,146
elliplot,146,0,146
RRedshiftSQL,146,0,146
Julia,146,0,146
tightClust,145,1,146
TruncatedNormal,145,1,146
WilcoxCV,143,3,146
nsga2R,143,3,146
PoisNor,137,9,146
PoisNor,137,9,146
rgho,131,15,146
streamMOA,82,64,146
DiffusionRgqd,22,124,146
orclus,145,0,145
orclus,145,0,145
NFP,145,0,145
ggCompNet,145,0,145
GeneticSubsetter,145,0,145
narray,145,0,145
TTCA,145,0,145
fasteraster,145,0,145
dave,145,0,145
ezec,145,0,145
ezec,145,0,145
orddom,145,0,145
CUMP,145,0,145
rpsftm,145,0,145
fanc,145,0,145
EntropyExplorer,145,0,145
CVTuningCov,145,0,145
matR,145,0,145
mizer,145,0,145
treescape,145,0,145
EffectsRelBaseline,145,0,145
ndl,145,0,145
eyelinker,145,0,145
oapackage,145,0,145
itertools2,145,0,145
MatchingFrontier,145,0,145
ldstatsHD,145,0,145
medicare,145,0,145
EconDemand,145,0,145
rospca,145,0,145
ktsolve,145,0,145
IMP,145,0,145
gdimap,145,0,145
mbest,145,0,145
stam,145,0,145
corTools,145,0,145
GWAF,145,0,145
FinAna,145,0,145
metaMix,145,0,145
keyplayer,145,0,145
KoulMde,145,0,145
WMCapacity,145,0,145
hashFunction,145,0,145
futureheatwaves,145,0,145
quantification,145,0,145
edf,145,0,145
RFGLS,145,0,145
darts,145,0,145
StableEstim,145,0,145
LANDD,145,0,145
hurricaneexposure,144,1,145
dChipIO,141,4,145
sparsebnUtils,33,112,145
musicNMR,144,0,144
DBKGrad,144,0,144
PARSE,144,0,144
Conake,144,0,144
cernn,144,0,144
MAINT.Data,144,0,144
topsis,144,0,144
EPGLM,144,0,144
growfunctions,144,0,144
fugeR,144,0,144
fugeR,144,0,144
EnvNicheR,144,0,144
freesurfer,144,0,144
bitrugs,144,0,144
gunsales,144,0,144
lvm4net,144,0,144
rethinker,144,0,144
exp2flux,144,0,144
rethinker,144,0,144
rpms,144,0,144
bootspecdens,144,0,144
Power2Stage,144,0,144
TRADER,144,0,144
vitality,144,0,144
WikipediaR,144,0,144
censNID,144,0,144
BoolFilter,144,0,144
yorkr,144,0,144
MRMR,144,0,144
RobRSVD,144,0,144
BoolFilter,144,0,144
graphscan,144,0,144
UPMASK,144,0,144
Disake,144,0,144
SimSCRPiecewise,144,0,144
PKreport,144,0,144
glamlasso,144,0,144
FindMinIC,144,0,144
crossReg,144,0,144
diffEq,144,0,144
CHMM,144,0,144
IFP,144,0,144
BTR,144,0,144
LassoBacktracking,144,0,144
densratio,144,0,144
pragma,144,0,144
nettools,144,0,144
RPtests,144,0,144
mle.tools,144,0,144
Survgini,144,0,144
CSeqpat,144,0,144
RAMpath,144,0,144
CSeqpat,144,0,144
RAMpath,144,0,144
EnsemblePenReg,144,0,144
cqrReg,144,0,144
GameTheoryAllocation,133,11,144
SocialNetworks,112,32,144
EMC,74,70,144
Reliability,143,0,143
precintcon,143,0,143
rite,143,0,143
livechatR,143,0,143
EBS,143,0,143
BaPreStoPro,143,0,143
MixedPoisson,143,0,143
BaPreStoPro,143,0,143
landest,143,0,143
Rphylopars,143,0,143
SimInf,143,0,143
crantastic,143,0,143
sisus,143,0,143
hail,143,0,143
RVsharing,143,0,143
cofeatureR,143,0,143
SMNCensReg,143,0,143
selectMeta,143,0,143
gramEvol,143,0,143
LPM,143,0,143
sinew,143,0,143
recommenderlabBX,143,0,143
sensitivitymv,143,0,143
eqs2lavaan,143,0,143
rplotengine,143,0,143
stpm,143,0,143
StatDataML,143,0,143
emme2,143,0,143
GeoDE,143,0,143
Kernelheaping,143,0,143
GeoDE,143,0,143
SSsimple,143,0,143
wqs,143,0,143
OptInterim,143,0,143
primes,143,0,143
PIPS,143,0,143
IalsaSynthesis,143,0,143
multispatialCCM,143,0,143
sjdbc,143,0,143
Rcolombos,143,0,143
Rcolombos,143,0,143
GeneClusterNet,143,0,143
FAmle,143,0,143
DESnowball,143,0,143
xseq,143,0,143
microclass,143,0,143
dslice,143,0,143
palaeoSig,143,0,143
modeval,143,0,143
modeval,143,0,143
multimark,143,0,143
LinkedMatrix,137,6,143
gifti,131,12,143
wpp2010,39,104,143
sbrl,142,0,142
growthrate,142,0,142
ENiRG,142,0,142
fisheyeR,142,0,142
uqr,142,0,142
fExpressCertificates,142,0,142
ESEA,142,0,142
lestat,142,0,142
ESEA,142,0,142
KATforDCEMRI,142,0,142
mvnTest,142,0,142
ChIPtest,142,0,142
pbatR,142,0,142
clinUtiDNA,142,0,142
Pade,142,0,142
Pade,142,0,142
NMI,142,0,142
mpa,142,0,142
Weighted.Desc.Stat,142,0,142
multisensi,142,0,142
PSAboot,142,0,142
hysteresis,142,0,142
multisensi,142,0,142
gpDDE,142,0,142
SDraw,142,0,142
GLMMRR,142,0,142
quadrupen,142,0,142
RRreg,142,0,142
dataMaid,142,0,142
SCRSELECT,142,0,142
patternplot,142,0,142
conclust,142,0,142
EFAutilities,142,0,142
patternplot,142,0,142
MMDai,142,0,142
PsiHat,142,0,142
lpme,142,0,142
functools,142,0,142
robeth,142,0,142
etma,142,0,142
suRtex,142,0,142
suRtex,142,0,142
bigKRLS,142,0,142
MSCMT,142,0,142
JOP,142,0,142
pssm,142,0,142
FAMILY,142,0,142
kitagawa,142,0,142
forensic,142,0,142
decision,142,0,142
LightningR,142,0,142
LightningR,142,0,142
learningCurve,142,0,142
PoisBinOrdNor,142,0,142
rjstat,142,0,142
dequer,142,0,142
OligoSpecificitySystem,142,0,142
discreteMTP,141,1,142
simone,140,2,142
pedometrics,136,6,142
metaplot,134,8,142
poio,127,15,142
poio,127,15,142
ProgGUIinR,141,0,141
vistime,141,0,141
exsic,141,0,141
censCov,141,0,141
QCApro,141,0,141
ggguitar,141,0,141
iki.dataclim,141,0,141
moezipfR,141,0,141
evt0,141,0,141
clikcorr,141,0,141
MixtureInf,141,0,141
geesmv,141,0,141
ecotoxicology,141,0,141
gquad,141,0,141
catdap,141,0,141
zoon,141,0,141
MM2S,141,0,141
RDieHarder,141,0,141
randomizeR,141,0,141
cusp,141,0,141
Surrogate,141,0,141
CompR,141,0,141
gmDatabase,141,0,141
braidReports,141,0,141
falcon,141,0,141
sp23design,141,0,141
Eplot,141,0,141
bytescircle,141,0,141
ELT,141,0,141
bpkde,141,0,141
STAND,141,0,141
fwsim,141,0,141
DCODE,141,0,141
gMOIP,141,0,141
ODMconverter,141,0,141
TreatmentSelection,141,0,141
RmarineHeatWaves,141,0,141
CRTgeeDR,141,0,141
rprime,141,0,141
eigenprcomp,141,0,141
VNM,141,0,141
plan,141,0,141
madsim,141,0,141
TauStar,141,0,141
KappaV,141,0,141
NetSwan,141,0,141
RDataCanvas,141,0,141
belex,141,0,141
FLIM,141,0,141
TEQR,141,0,141
CateSelection,141,0,141
KnowBR,141,0,141
bivarRIpower,141,0,141
pMineR,141,0,141
fastSOM,141,0,141
mosaicQA,141,0,141
lumendb,141,0,141
phenex,141,0,141
NCA,141,0,141
speciesgeocodeR,141,0,141
multiPIM,141,0,141
homtest,141,0,141
HPbayes,141,0,141
PepPrep,141,0,141
mvPot,141,0,141
drLumi,141,0,141
gofCopula,141,0,141
hopbyhop,139,2,141
optimr,129,12,141
labeltodendro,128,13,141
elec,32,109,141
futile.paradigm,26,115,141
LLSR,140,0,140
LLSR,140,0,140
bPeaks,140,0,140
nontarget,140,0,140
KappaGUI,140,0,140
gllm,140,0,140
ONETr,140,0,140
quint,140,0,140
ergm.rank,140,0,140
openVA,140,0,140
rbmn,140,0,140
cord,140,0,140
tea,140,0,140
bundesligR,140,0,140
bioPN,140,0,140
sonify,140,0,140
purge,140,0,140
DengueRT,140,0,140
plmDE,140,0,140
sonify,140,0,140
MPCI,140,0,140
NHMM,140,0,140
cytoDiv,140,0,140
vscc,140,0,140
sqlscore,140,0,140
CDROM,140,0,140
DBGSA,140,0,140
SoilR,140,0,140
covsep,140,0,140
covsep,140,0,140
PLMIX,140,0,140
primerTree,140,0,140
IntNMF,140,0,140
dHSIC,140,0,140
SPODT,140,0,140
xyz,140,0,140
LinearizedSVR,140,0,140
climbeR,140,0,140
ccChooser,140,0,140
LinearizedSVR,140,0,140
SPODT,140,0,140
falconx,140,0,140
estout,140,0,140
fancycut,140,0,140
VetResearchLMM,140,0,140
ConR,140,0,140
grex,140,0,140
grex,140,0,140
KANT,140,0,140
morse,140,0,140
ETC,140,0,140
SmartSVA,140,0,140
exreport,140,0,140
covBM,140,0,140
hdr,140,0,140
seqDesign,140,0,140
hdr,140,0,140
STEPCAM,140,0,140
drawExpression,140,0,140
iosmooth,140,0,140
LoopAnalyst,140,0,140
cycloids,140,0,140
SeqFeatR,140,0,140
coenoflex,140,0,140
TLMoments,139,1,140
PDSCE,137,3,140
multilevelPSA,137,3,140
sdprisk,134,6,140
iqLearn,139,0,139
flars,139,0,139
rbi,139,0,139
EDFIR,139,0,139
calACS,139,0,139
netClass,139,0,139
gmeta,139,0,139
gds,139,0,139
hpcwld,139,0,139
RcppShark,139,0,139
netClass,139,0,139
gmeta,139,0,139
gds,139,0,139
grpSLOPE,139,0,139
coexist,139,0,139
coprimary,139,0,139
GAIPE,139,0,139
dynsim,139,0,139
FRESA.CAD,139,0,139
CIAAWconsensus,139,0,139
nonpar,139,0,139
gpk,139,0,139
DrBats,139,0,139
GrowingSOM,139,0,139
modiscloud,139,0,139
attrCUSUM,139,0,139
ecdfHT,139,0,139
attrCUSUM,139,0,139
Gammareg,139,0,139
RImagePalette,139,0,139
filehashSQLite,139,0,139
omics,139,0,139
coreTDT,139,0,139
PAS,139,0,139
DensParcorr,139,0,139
NISTnls,139,0,139
GeoGenetix,139,0,139
PGICA,139,0,139
QPot,139,0,139
DEploid,139,0,139
gRapfa,139,0,139
GFA,139,0,139
recexcavAAR,139,0,139
plfm,139,0,139
ROC632,139,0,139
FDRreg,139,0,139
ROC632,139,0,139
displayHTS,139,0,139
CUSUMdesign,139,0,139
DCM,139,0,139
cpgen,139,0,139
GAabbreviate,139,0,139
PredictiveRegression,139,0,139
pmlr,139,0,139
RcppNumerical,139,0,139
io,131,8,139
TSPostgreSQL,61,78,139
qtbase,40,99,139
turfR,138,0,138
DoTC,138,0,138
dupiR,138,0,138
CfEstimateQuantiles,138,0,138
fdq,138,0,138
ILS,138,0,138
icpsrdata,138,0,138
micropan,138,0,138
gsg,138,0,138
GFD,138,0,138
IASD,138,0,138
ordPens,138,0,138
dgmb,138,0,138
bride,138,0,138
uniCox,138,0,138
BisRNA,138,0,138
ReliabilityTheory,138,0,138
inbreedR,138,0,138
IntLik,138,0,138
RZabbix,138,0,138
dsmodels,138,0,138
NBDdirichlet,138,0,138
RGENERATEPREC,138,0,138
migration.indices,138,0,138
surveyoutliers,138,0,138
smnet,138,0,138
likelihoodAsy,138,0,138
hetmeta,138,0,138
cssTools,138,0,138
federalregister,138,0,138
brea,138,0,138
rtrim,138,0,138
EMSC,138,0,138
EMSC,138,0,138
ratesci,138,0,138
sorvi,138,0,138
MMS,138,0,138
Map2NCBI,138,0,138
clustering.sc.dp,138,0,138
inspectr,138,0,138
rnetcarto,138,0,138
bikeshare14,138,0,138
TP.idm,138,0,138
inspectr,138,0,138
vegalite,138,0,138
choplump,138,0,138
zenplots,138,0,138
gafit,138,0,138
rotations,138,0,138
SimSeq,138,0,138
tdthap,138,0,138
highriskzone,138,0,138
onlinePCA,138,0,138
crblocks,138,0,138
exCon,135,3,138
rtext,130,8,138
ph2bayes,21,117,138
okmesonet,137,0,137
hgam,137,0,137
IPtoCountry,137,0,137
dpa,137,0,137
EMMIXcskew,137,0,137
diskImageR,137,0,137
CuCubes,137,0,137
CuCubes,137,0,137
ImpactIV,137,0,137
GibbsACOV,137,0,137
W2CWM2C,137,0,137
MixAll,137,0,137
OrthoPanels,137,0,137
SetRank,137,0,137
npmlreg,137,0,137
BetaBit,137,0,137
cbird,137,0,137
cbird,137,0,137
reglogit,137,0,137
FastPCS,137,0,137
concatenate,137,0,137
franc,137,0,137
mpMap,137,0,137
BootMRMR,137,0,137
photobiologyInOut,137,0,137
rDNA,137,0,137
bannerCommenter,137,0,137
BootMRMR,137,0,137
wand,137,0,137
WufooR,137,0,137
NetComp,137,0,137
divo,137,0,137
COCONUT,137,0,137
depth.plot,137,0,137
cleanr,137,0,137
mpmcorrelogram,137,0,137
customizedTraining,137,0,137
genomeplot,137,0,137
prop.comb.RR,137,0,137
wiod,137,0,137
logcondens.mode,137,0,137
gSeg,137,0,137
lettercase,137,0,137
raters,137,0,137
codadiags,137,0,137
strum,137,0,137
Evomorph,137,0,137
PowerUpR,137,0,137
glmmsr,137,0,137
eqtl,137,0,137
SPAtest,137,0,137
JacobiEigen,137,0,137
FreqProf,137,0,137
wiqid,137,0,137
eqtl,137,0,137
Rtextrankr,137,0,137
HiCglmi,137,0,137
GPseq,137,0,137
tumblR,137,0,137
edcc,137,0,137
LOGICOIL,137,0,137
LindenmayeR,137,0,137
pgam,137,0,137
LindenmayeR,137,0,137
linLIR,137,0,137
IMIS,137,0,137
speff2trial,137,0,137
interferenceCI,137,0,137
YplantQMC,137,0,137
YplantQMC,137,0,137
stationaRy,137,0,137
IMIS,137,0,137
SparseDC,137,0,137
ifa,137,0,137
LCMCR,137,0,137
diaplt,137,0,137
emov,137,0,137
suncalc,137,0,137
ifa,137,0,137
LCMCR,137,0,137
diaplt,137,0,137
emov,137,0,137
ProfileLikelihood,135,2,137
DIFboost,131,6,137
gelnet,131,6,137
ref,128,9,137
phylosim,110,27,137
kzft,40,97,137
RKEELdata,36,101,137
LS2W,31,106,137
pathdiagram,136,0,136
SynchWave,136,0,136
GlobalFit,136,0,136
momentchi2,136,0,136
gem,136,0,136
gem,136,0,136
MAVTgsa,136,0,136
COUSCOus,136,0,136
simplexreg,136,0,136
interpretR,136,0,136
simboot,136,0,136
ctqr,136,0,136
flows,136,0,136
hierarchicalDS,136,0,136
ctqr,136,0,136
PPtree,136,0,136
pipeliner,136,0,136
cggd,136,0,136
MultAlloc,136,0,136
mvSLOUCH,136,0,136
smaa,136,0,136
soil.spec,136,0,136
rEMM,136,0,136
RCPmod,136,0,136
parallelize.dynamic,136,0,136
episheet,136,0,136
StroupGLMM,136,0,136
TopKLists,136,0,136
PopGenKit,136,0,136
ShinyTester,136,0,136
CP,136,0,136
EmiStatR,136,0,136
GPLTR,136,0,136
Mobilize,136,0,136
diezeit,136,0,136
dsample,136,0,136
GPLTR,136,0,136
bpp,136,0,136
hsphase,136,0,136
KOGMWU,136,0,136
InteractiveIGraph,136,0,136
qrage,136,0,136
Polychrome,136,0,136
fragilityindex,136,0,136
loop,136,0,136
DNAseqtest,136,0,136
LaplaceDeconv,136,0,136
spartan,136,0,136
ProFit,136,0,136
gnlm,136,0,136
lassopv,136,0,136
elasso,136,0,136
freestats,136,0,136
envlpaster,136,0,136
glba,133,3,136
RSpincalc,129,7,136
TileManager,117,19,136
synbreedData,33,103,136
microcontax,27,109,136
resampledata,135,0,135
deadband,135,0,135
IBHM,135,0,135
GeneralOaxaca,135,0,135
wgsea,135,0,135
interAdapt,135,0,135
WaterML,135,0,135
conics,135,0,135
staTools,135,0,135
IBHM,135,0,135
GeneralOaxaca,135,0,135
chi2x3way,135,0,135
SyNet,135,0,135
IncucyteDRC,135,0,135
GetR,135,0,135
PBSadmb,135,0,135
ProNet,135,0,135
SWMPr,135,0,135
dynetNLAResistance,135,0,135
fat2Lpoly,135,0,135
quantreg.nonpar,135,0,135
Rexperigen,135,0,135
evolvability,135,0,135
correctedAUC,135,0,135
MSIseq,135,0,135
phreeqc,135,0,135
heatex,135,0,135
generator,135,0,135
gsrsb,135,0,135
generator,135,0,135
gsrsb,135,0,135
ibelief,135,0,135
RockFab,135,0,135
factorcpt,135,0,135
IntegratedMRF,135,0,135
sperich,135,0,135
DecorateR,135,0,135
tutorial,135,0,135
dexter,135,0,135
IBDhaploRtools,135,0,135
RDota2,135,0,135
DClusterm,135,0,135
rpnf,135,0,135
weightTAPSPACK,135,0,135
osi,135,0,135
edesign,135,0,135
metafolio,135,0,135
StMoSim,135,0,135
StMoSim,135,0,135
Methplot,135,0,135
flood,135,0,135
FastBandChol,135,0,135
spray,135,0,135
GeneReg,135,0,135
liso,135,0,135
Oncotree,135,0,135
simPATHy,135,0,135
rodeo,135,0,135
WikiSocio,135,0,135
discrimARTs,135,0,135
phytotools,135,0,135
vegdata,134,1,135
miniGUI,131,4,135
imputeTestbench,130,5,135
rcbsubset,117,18,135
iemisc,19,116,135
MetStaT,134,0,134
numKM,134,0,134
nCal,134,0,134
diffusr,134,0,134
tspmeta,134,0,134
DNMF,134,0,134
hypothesisr,134,0,134
yCrypticRNAs,134,0,134
OptGS,134,0,134
cxxfunplus,134,0,134
IM,134,0,134
QSARdata,134,0,134
ustyc,134,0,134
jmcm,134,0,134
expandFunctions,134,0,134
esmisc,134,0,134
pcaBootPlot,134,0,134
MAPLES,134,0,134
eive,134,0,134
eive,134,0,134
rpartitions,134,0,134
VecStatGraphs3D,134,0,134
RcppStreams,134,0,134
hamlet,134,0,134
mxkssd,134,0,134
exptest,134,0,134
zooaRchGUI,134,0,134
covatest,134,0,134
iprior,134,0,134
guess,134,0,134
gskat,134,0,134
mdscore,134,0,134
freeknotsplines,134,0,134
nparACT,134,0,134
nplplot,134,0,134
TransferEntropy,134,0,134
flowfield,134,0,134
paco,134,0,134
TDboost,134,0,134
ssa,134,0,134
meteo,134,0,134
tibbrConnector,134,0,134
DEMOVA,134,0,134
gamreg,134,0,134
StatCharrms,134,0,134
datastepr,134,0,134
epistasis,134,0,134
SimReg,134,0,134
optDesignSlopeInt,134,0,134
dpglasso,134,0,134
clust.bin.pair,134,0,134
raincpc,134,0,134
ISDA.R,134,0,134
InventorymodelPackage,134,0,134
SafeQuant,134,0,134
patchDVI,134,0,134
netgen,134,0,134
propOverlap,134,0,134
tpAUC,134,0,134
EstHer,134,0,134
cpa,134,0,134
identity,132,2,134
fUnitRoots,130,4,134
nlt,129,5,134
rcbalance,43,91,134
soilwater,38,96,134
DiffusionRjgqd,12,122,134
MC2toPath,133,0,133
GiRaF,133,0,133
QuantifQuantile,133,0,133
DIRECT,133,0,133
pycno,133,0,133
Miney,133,0,133
profmem,133,0,133
frmpd,133,0,133
europop,133,0,133
requireR,133,0,133
mptools,133,0,133
loopr,133,0,133
ExactPath,133,0,133
spellcheckr,133,0,133
msr,133,0,133
ExactPath,133,0,133
obsSens,133,0,133
MCMC4Extremes,133,0,133
expert,133,0,133
timeSeq,133,0,133
bayesianETAS,133,0,133
ParDNAcopy,133,0,133
BarBorGradient,133,0,133
HEAT,133,0,133
MCMC4Extremes,133,0,133
ES,133,0,133
MultNonParam,133,0,133
metaheur,133,0,133
Smisc,133,0,133
potts,133,0,133
hisemi,133,0,133
RNCBIEUtilsLibs,133,0,133
inferference,133,0,133
gogamer,133,0,133
peptider,133,0,133
mixpack,133,0,133
mleur,133,0,133
probsvm,133,0,133
MonoPhy,133,0,133
NORRRM,133,0,133
FormalSeries,133,0,133
glycanr,133,0,133
MTurkRGUI,133,0,133
lmms,133,0,133
zoeppritz,133,0,133
DiffusionRimp,133,0,133
jpmesh,133,0,133
LSC,133,0,133
overlapping,133,0,133
jpmesh,133,0,133
dbEmpLikeNorm,133,0,133
WARN,133,0,133
tdROC,133,0,133
RFLPtools,133,0,133
EBEN,133,0,133
FACTMLE,133,0,133
grade,133,0,133
FastHCS,133,0,133
Plasmidprofiler,133,0,133
effectFusion,133,0,133
rgeoapi,133,0,133
REST,133,0,133
rwars,133,0,133
landscapeR,133,0,133
RFmarkerDetector,133,0,133
SML,133,0,133
SpatMCA,133,0,133
rcrypt,133,0,133
reproducer,133,0,133
SML,133,0,133
SpatMCA,133,0,133
rcrypt,133,0,133
reproducer,133,0,133
NAEPprimer,128,5,133
readJDX,127,6,133
POET,116,17,133
rivr,98,35,133
RMOAjars,13,120,133
imputeMDR,132,0,132
SEchart,132,0,132
RXMCDA,132,0,132
zetadiv,132,0,132
ltsbase,132,0,132
Langevin,132,0,132
VLMC,132,0,132
DYM,132,0,132
crsnls,132,0,132
Langevin,132,0,132
RM2,132,0,132
nestedRanksTest,132,0,132
refund.wave,132,0,132
NB,132,0,132
histmdl,132,0,132
nicheROVER,132,0,132
nicheROVER,132,0,132
dplRCon,132,0,132
mederrRank,132,0,132
saemix,132,0,132
skeletor,132,0,132
metansue,132,0,132
ctl,132,0,132
mixor,132,0,132
minimist,132,0,132
RYoudaoTranslate,132,0,132
trimr,132,0,132
pvar,132,0,132
FuzzyMCDM,132,0,132
PedCNV,132,0,132
ldhmm,132,0,132
linbin,132,0,132
titan,132,0,132
RWBP,132,0,132
TOC,132,0,132
notifyR,132,0,132
TOC,132,0,132
notifyR,132,0,132
VIFCP,132,0,132
networkreporting,132,0,132
SAGA,132,0,132
maddison,132,0,132
kissmig,132,0,132
GGMridge,132,0,132
iRegression,132,0,132
GreedyExperimentalDesign,132,0,132
iRegression,132,0,132
GGMridge,132,0,132
mvctm,132,0,132
threewords,132,0,132
gammSlice,132,0,132
farsi,132,0,132
pumilioR,132,0,132
SVMMaj,132,0,132
lmem.qtler,132,0,132
curry,132,0,132
supclust,132,0,132
epandist,132,0,132
mbmdr,132,0,132
RenextGUI,132,0,132
mdsdt,132,0,132
CVcalibration,132,0,132
muir,132,0,132
groupdata2,132,0,132
hyperSMURF,132,0,132
dga,132,0,132
SVMMatch,132,0,132
RatingScaleReduction,132,0,132
ggghost,132,0,132
wfe,132,0,132
soql,132,0,132
wfe,132,0,132
soql,132,0,132
cryst,132,0,132
XMRF,126,6,132
cbanalysis,131,0,131
pawacc,131,0,131
monographaR,131,0,131
GEEaSPU,131,0,131
ICEinfer,131,0,131
EnsCat,131,0,131
TSdata,131,0,131
tilting,131,0,131
sensitivityfull,131,0,131
SCGLR,131,0,131
DRaWR,131,0,131
echogram,131,0,131
hbmem,131,0,131
glmvsd,131,0,131
GABi,131,0,131
diffrprojectswidget,131,0,131
mvtmeta,131,0,131
ThresholdROC,131,0,131
MRS,131,0,131
rdwd,131,0,131
FisHiCal,131,0,131
oii,131,0,131
hiddenf,131,0,131
phase1RMD,131,0,131
PredictTestbench,131,0,131
freqMAP,131,0,131
HiLMM,131,0,131
phase1RMD,131,0,131
RBMRB,131,0,131
EurosarcBayes,131,0,131
joinXL,131,0,131
NPBayesImpute,131,0,131
forega,131,0,131
forega,131,0,131
stringgaussnet,131,0,131
multiplyr,131,0,131
TCGAretriever,131,0,131
smcfcs,131,0,131
ORMDR,131,0,131
iLaplace,131,0,131
EMMIXuskew,131,0,131
fromo,131,0,131
EMMIXuskew,131,0,131
listWithDefaults,131,0,131
hzar,131,0,131
jvnVaR,131,0,131
DetR,131,0,131
clttools,131,0,131
RECA,131,0,131
clusterhap,131,0,131
iRafNet,131,0,131
RIA,131,0,131
iRafNet,131,0,131
mazeGen,131,0,131
ProTrackR,131,0,131
trelloR,131,0,131
james.analysis,131,0,131
MUCflights,131,0,131
gsscopu,131,0,131
RcppXts,131,0,131
lpbrim,131,0,131
invLT,131,0,131
CoSeg,131,0,131
subcopem2D,131,0,131
tbart,131,0,131
qualvar,131,0,131
qualvar,131,0,131
errorlocate,131,0,131
dkDNA,131,0,131
cstar,131,0,131
simMP,131,0,131
RRNA,126,5,131
xtermStyle,122,9,131
machina,30,101,131
iemiscdata,23,108,131
SensMixed,130,0,130
Iboot,130,0,130
FBN,130,0,130
frt,130,0,130
ttScreening,130,0,130
meteogRam,130,0,130
nproc,130,0,130
mutossGUI,130,0,130
STPGA,130,0,130
intubate,130,0,130
LindleyR,130,0,130
enRich,130,0,130
CombinePortfolio,130,0,130
multigroup,130,0,130
dam,130,0,130
SparseLearner,130,0,130
wppExplorer,130,0,130
mixedsde,130,0,130
MixRF,130,0,130
svmadmm,130,0,130
GRTo,130,0,130
learNN,130,0,130
WWR,130,0,130
MDR,130,0,130
equSA,130,0,130
gaselect,130,0,130
ebSNP,130,0,130
flower,130,0,130
EloChoice,130,0,130
statGraph,130,0,130
statGraph,130,0,130
RADanalysis,130,0,130
JRF,130,0,130
confSAM,130,0,130
fungible,130,0,130
GroupTest,130,0,130
JASPAR,130,0,130
OLScurve,130,0,130
ISR3,130,0,130
NEpiC,130,0,130
wux,130,0,130
flock,130,0,130
TapeR,130,0,130
elec.strat,130,0,130
pvsR,130,0,130
intpoint,130,0,130
SOLOMON,130,0,130
GNE,130,0,130
GCAI.bias,130,0,130
GNE,130,0,130
efflog,130,0,130
EL,130,0,130
reconstructr,130,0,130
IBDLabels,130,0,130
erboost,130,0,130
gPCA,130,0,130
geneSignatureFinder,130,0,130
emon,130,0,130
IBDLabels,130,0,130
PoSI,130,0,130
learnstats,130,0,130
EXRQ,130,0,130
mlmmm,130,0,130
rnaseqWrapper,130,0,130
IrishDirectorates,130,0,130
CrossClustering,130,0,130
pullword,130,0,130
pullword,130,0,130
SkyWatchr,130,0,130
RchivalTag,130,0,130
condir,130,0,130
optigrab,130,0,130
saasCNV,130,0,130
CVD,130,0,130
standardize,126,4,130
truncSP,124,6,130
truncSP,124,6,130
MBmca,123,7,130
TSsdmx,52,78,130
MM2Sdata,17,113,130
fastHICA,129,0,129
fastHICA,129,0,129
StructFDR,129,0,129
GxM,129,0,129
nbconvertR,129,0,129
NMFN,129,0,129
TwoStepCLogit,129,0,129
oXim,129,0,129
robustfa,129,0,129
Sunder,129,0,129
hazus,129,0,129
robustfa,129,0,129
ESKNN,129,0,129
ForIT,129,0,129
quad,129,0,129
humidity,129,0,129
softclassval,129,0,129
msBP,129,0,129
endogMNP,129,0,129
cvplogistic,129,0,129
endogMNP,129,0,129
denoiseR,129,0,129
gyriq,129,0,129
fracprolif,129,0,129
GiniWegNeg,129,0,129
horizon,129,0,129
reportRx,129,0,129
tuple,129,0,129
getMet,129,0,129
horizon,129,0,129
PanelCount,129,0,129
vbsr,129,0,129
GaDiFPT,129,0,129
textutils,129,0,129
saccades,129,0,129
gencve,129,0,129
gencve,129,0,129
eyetracking,129,0,129
PCS,129,0,129
som.nn,129,0,129
MATTOOLS,129,0,129
unittest,129,0,129
esaddle,129,0,129
duckduckr,129,0,129
eel,129,0,129
eel,129,0,129
SNPmaxsel,129,0,129
gettingtothebottom,129,0,129
IUPS,129,0,129
monogeneaGM,129,0,129
DidacticBoost,129,0,129
ShrinkCovMat,129,0,129
somebm,129,0,129
ifs,129,0,129
ifs,129,0,129
ICCbin,129,0,129
tumgr,129,0,129
MKLE,129,0,129
IAPWS95,129,0,129
nodiv,129,0,129
DCG,129,0,129
RepeatedHighDim,128,1,129
ISOpureR,127,2,129
SPSL,122,7,129
rcanvec,118,11,129
rcanvec,118,11,129
pbdRPC,91,38,129
gemtc.jar,20,109,129
diffrprojects,10,119,129
EBASS,128,0,128
sparsenet,128,0,128
FRCC,128,0,128
FRCC,128,0,128
groc,128,0,128
pencopula,128,0,128
statip,128,0,128
msgtools,128,0,128
ipflasso,128,0,128
sharx,128,0,128
tictactoe,128,0,128
bivrp,128,0,128
referenceIntervals,128,0,128
qVarSel,128,0,128
spareserver,128,0,128
gbs2ploidy,128,0,128
prism,128,0,128
libamtrack,128,0,128
oro.pet,128,0,128
MCI,128,0,128
SPreFuGED,128,0,128
HRQoL,128,0,128
SPreFuGED,128,0,128
STI,128,0,128
ProDenICA,128,0,128
SchemaOnRead,128,0,128
gghalfnorm,128,0,128
HybridMC,128,0,128
InferenceSMR,128,0,128
languagelayeR,128,0,128
geoGAM,128,0,128
galts,128,0,128
stmgui,128,0,128
pagenum,128,0,128
RPublica,128,0,128
RANN.L1,128,0,128
skm,128,0,128
PROFANCY,128,0,128
RI2by2,128,0,128
deamer,128,0,128
NetSim,128,0,128
spm12r,128,0,128
PROFANCY,128,0,128
normalr,128,0,128
iDynoR,128,0,128
nasadata,128,0,128
mixsep,128,0,128
NScluster,128,0,128
mistat,128,0,128
easyreg,128,0,128
RChronoModel,128,0,128
sortinghat,128,0,128
NostalgiR,128,0,128
DnE,128,0,128
HBglm,128,0,128
iopsych,128,0,128
easyreg,128,0,128
KMDA,128,0,128
ggloop,128,0,128
ggloop,128,0,128
lookupTable,128,0,128
kergp,128,0,128
polidata,128,0,128
LPS,128,0,128
lira,128,0,128
RObsDat,128,0,128
matchMulti,128,0,128
LPS,128,0,128
TTAinterfaceTrendAnalysis,128,0,128
euroMix,128,0,128
DODR,128,0,128
switchnpreg,128,0,128
event,128,0,128
CHFF,128,0,128
plspm.formula,128,0,128
POUMM,128,0,128
lllcrc,128,0,128
hornpa,128,0,128
FourScores,128,0,128
GWsignif,128,0,128
revealedPrefs,128,0,128
TFDEA,128,0,128
mixedMem,128,0,128
hbm,128,0,128
ionr,128,0,128
genepi,128,0,128
ffstream,128,0,128
wrswoR,96,32,128
wrswoR,96,32,128
Mposterior,127,0,127
simrel,127,0,127
hydroApps,127,0,127
mvsf,127,0,127
miscor,127,0,127
itree,127,0,127
gTests,127,0,127
dhga,127,0,127
regexPipes,127,0,127
RKEEL,127,0,127
MultEq,127,0,127
GPCSIV,127,0,127
Mondrian,127,0,127
iFad,127,0,127
knnIndep,127,0,127
highSCREEN,127,0,127
soilprofile,127,0,127
funreg,127,0,127
Laterality,127,0,127
networktools,127,0,127
ibm,127,0,127
labelrank,127,0,127
PatternClass,127,0,127
ICAFF,127,0,127
ibm,127,0,127
labelrank,127,0,127
traj,127,0,127
ICAFF,127,0,127
Interatrix,127,0,127
zooaRch,127,0,127
nppbib,127,0,127
tileHMM,127,0,127
MFAg,127,0,127
nucim,127,0,127
Ultimixt,127,0,127
support.BWS2,127,0,127
ibeemd,127,0,127
gbts,127,0,127
MFAg,127,0,127
nopaco,127,0,127
toxboot,127,0,127
MNS,127,0,127
ncar,127,0,127
sbtools,127,0,127
hdpca,127,0,127
PPtreeViz,127,0,127
StockChina,127,0,127
optBiomarker,127,0,127
growth,127,0,127
lowmemtkmeans,127,0,127
HBSTM,127,0,127
RVFam,127,0,127
npcp,127,0,127
MODISSnow,127,0,127
gdns,127,0,127
redux,127,0,127
EpiILM,127,0,127
distdrawr,127,0,127
imputePSF,127,0,127
Datasmith,127,0,127
gIPFrm,127,0,127
RcppFaddeeva,127,0,127
gIPFrm,127,0,127
moult,127,0,127
vdmR,127,0,127
rdnb,127,0,127
mdhglm,127,0,127
GA4Stratification,127,0,127
managelocalrepo,127,0,127
OriGen,127,0,127
gtcorr,127,0,127
GA4Stratification,127,0,127
managelocalrepo,127,0,127
RJSplot,127,0,127
NORTARA,127,0,127
EffectStars2,127,0,127
genasis,127,0,127
PurBayes,127,0,127
IGM.MEA,127,0,127
holdem,127,0,127
LeLogicielR,127,0,127
NEArender,127,0,127
pSI,127,0,127
LncMod,127,0,127
NightDay,102,25,127
TExPosition,71,56,127
RKEELjars,30,97,127
mldr.datasets,22,105,127
GAMens,126,0,126
stampr,126,0,126
iBATCGH,126,0,126
TDD,126,0,126
GAMens,126,0,126
greyzoneSurv,126,0,126
MMWRweek,126,0,126
TInPosition,126,0,126
gvcm.cat,126,0,126
mvglmmRank,126,0,126
gvcm.cat,126,0,126
PoisBinNonNor,126,0,126
MILC,126,0,126
resemble,126,0,126
MonoInc,126,0,126
geosapi,126,0,126
island,126,0,126
fwi.fbp,126,0,126
PsumtSim,126,0,126
FTRLProximal,126,0,126
lmenssp,126,0,126
givitiR,126,0,126
lifecourse,126,0,126
MIAmaxent,126,0,126
qmrparser,126,0,126
marinespeed,126,0,126
kwb.hantush,126,0,126
imprProbEst,126,0,126
SNscan,126,0,126
peacots,126,0,126
GeneF,126,0,126
GSMX,126,0,126
deconvolveR,126,0,126
dissUtils,126,0,126
KSD,126,0,126
hkevp,126,0,126
SIDES,126,0,126
physiology,126,0,126
represent,126,0,126
deconvolveR,126,0,126
dissUtils,126,0,126
infra,126,0,126
GeNetIt,126,0,126
SoftClustering,126,0,126
scape,126,0,126
SQDA,126,0,126
svapls,126,0,126
ores,126,0,126
LPTime,126,0,126
grppenalty,126,0,126
gesca,126,0,126
mvst,126,0,126
nopp,126,0,126
ldlasso,126,0,126
RcppMLPACK,126,0,126
LEANR,126,0,126
RandPro,126,0,126
pauwels2014,126,0,126
ordinalCont,126,0,126
mwa,126,0,126
hbim,126,0,126
ropensecretsapi,126,0,126
Sky,126,0,126
kinfit,126,0,126
iemisctext,126,0,126
stoRy,126,0,126
ShapePattern,126,0,126
iemisctext,126,0,126
DirectStandardisation,126,0,126
GeoBoxplot,126,0,126
softmaxreg,126,0,126
SBRect,126,0,126
dynamichazard,126,0,126
pirate,126,0,126
hsicCCA,126,0,126
nricens,126,0,126
NHEMOtree,126,0,126
NHEMOtree,126,0,126
earthtones,126,0,126
idbg,126,0,126
treespace,126,0,126
hierformR,126,0,126
ph2bye,126,0,126
ms.sev,126,0,126
spiders,126,0,126
mcPAFit,126,0,126
fileplyr,126,0,126
ms.sev,126,0,126
mcPAFit,126,0,126
TSSQLite,39,87,126
RnavGraphImageData,35,91,126
reddPrec,125,0,125
LCAextend,125,0,125
HK80,125,0,125
glmlep,125,0,125
gaussfacts,125,0,125
prclust,125,0,125
IDSpatialStats,125,0,125
OOmisc,125,0,125
NPMVCP,125,0,125
Rramas,125,0,125
rjade,125,0,125
timma,125,0,125
netgsa,125,0,125
rindex,125,0,125
MBI,125,0,125
RxnSim,125,0,125
highlightHTML,125,0,125
intRegGOF,125,0,125
fecR,125,0,125
globalGSA,125,0,125
ProbForecastGOP,125,0,125
repijson,125,0,125
Harvest.Tree,125,0,125
flifo,125,0,125
serial,125,0,125
patchSynctex,125,0,125
packagetrackr,125,0,125
packagetrackr,125,0,125
SparseTSCGM,125,0,125
norm2,125,0,125
wrspathrow,125,0,125
Rambo,125,0,125
SECP,125,0,125
RcppHoney,125,0,125
lpdensity,125,0,125
partialCI,125,0,125
sesem,125,0,125
linkim,125,0,125
klin,125,0,125
SpecHelpers,125,0,125
hindexcalculator,125,0,125
memgene,125,0,125
rsml,125,0,125
RPPanalyzer,125,0,125
spAddins,125,0,125
iWeigReg,125,0,125
orderbook,125,0,125
sparsebn,125,0,125
elexr,125,0,125
systemicrisk,125,0,125
LSPFP,125,0,125
somplot,125,0,125
fbati,125,0,125
geneListPie,125,0,125
DamiaNN,125,0,125
geneListPie,125,0,125
fastGraph,125,0,125
msgpackR,125,0,125
JWileymisc,125,0,125
peplib,125,0,125
multirich,125,0,125
OrdMonReg,125,0,125
fitTetra,125,0,125
MIPHENO,125,0,125
semds,125,0,125
gwerAM,125,0,125
Rjpstatdb,125,0,125
gk,125,0,125
Ritc,125,0,125
REGENT,125,0,125
mmtfa,125,0,125
SDMPlay,125,0,125
RM.weights,125,0,125
royston,125,0,125
gpr,125,0,125
QualInt,125,0,125
shapeR,125,0,125
TRSbook,125,0,125
lorec,123,2,125
SCEPtER,38,87,125
XR,20,105,125
sonicLength,124,0,124
nlsr,124,0,124
MChtest,124,0,124
stressr,124,0,124
TRAMPR,124,0,124
labstats,124,0,124
weightedScores,124,0,124
Simpsons,124,0,124
synthACS,124,0,124
QFASA,124,0,124
RAD,124,0,124
sla,124,0,124
plsRbeta,124,0,124
DOvalidation,124,0,124
libsoc,124,0,124
fcd,124,0,124
DOvalidation,124,0,124
MethodCompare,124,0,124
fcd,124,0,124
random.polychor.pa,124,0,124
PredPsych,124,0,124
sitree,124,0,124
FREddyPro,124,0,124
specificity,124,0,124
MatchItSE,124,0,124
NetworkInference,124,0,124
mmcm,124,0,124
RPPairwiseDesign,124,0,124
FENmlm,124,0,124
ICtest,124,0,124
fgof,124,0,124
npIntFactRep,124,0,124
pewdata,124,0,124
LifeHist,124,0,124
mcglm,124,0,124
LifeHist,124,0,124
mcglm,124,0,124
reval,124,0,124
lymphclon,124,0,124
subsemble,124,0,124
RcppClassicExamples,124,0,124
MetProc,124,0,124
KraljicMatrix,124,0,124
qlcVisualize,124,0,124
rangeBuilder,124,0,124
lymphclon,124,0,124
rcss,124,0,124
radir,124,0,124
stepp,124,0,124
lsbclust,124,0,124
rpinterest,124,0,124
RCriteo,124,0,124
gbp,124,0,124
linkR,124,0,124
InterfaceqPCR,124,0,124
PlasmaMutationDetector,124,0,124
SASPECT,124,0,124
rleafmap,124,0,124
fastM,124,0,124
ITGM,124,0,124
predictionInterval,124,0,124
MFHD,124,0,124
GEint,124,0,124
sequoia,124,0,124
jmetrik,124,0,124
npmr,124,0,124
SCBmeanfd,124,0,124
worldmet,124,0,124
SynergizeR,124,0,124
usl,124,0,124
nanop,124,0,124
FGSG,124,0,124
gpmap,124,0,124
svTools,124,0,124
HDDesign,124,0,124
mousetrack,124,0,124
saery,124,0,124
gamCopula,124,0,124
synchrony,124,0,124
spaceExt,124,0,124
MScombine,124,0,124
SWATmodel,124,0,124
kzfs,124,0,124
dinamic,124,0,124
PAGWAS,124,0,124
rscorecard,124,0,124
LogConcDEAD,124,0,124
LIStest,124,0,124
vdg,124,0,124
IDmining,124,0,124
HAPim,124,0,124
stosim,124,0,124
MixMAP,124,0,124
icesDatras,124,0,124
extraBinomial,124,0,124
mseapca,124,0,124
stosim,124,0,124
lpint,122,2,124
wavemulcor,51,73,124
Rdroolsjars,26,98,124
qtlbook,123,0,123
MInt,123,0,123
RDIDQ,123,0,123
RapidPolygonLookup,123,0,123
JointRegBC,123,0,123
patchPlot,123,0,123
rtematres,123,0,123
files,123,0,123
IsoCI,123,0,123
lplyr,123,0,123
statcomp,123,0,123
sequences,123,0,123
deformula,123,0,123
shock,123,0,123
OmicKriging,123,0,123
TROM,123,0,123
shock,123,0,123
SEER2R,123,0,123
LPR,123,0,123
testforDEP,123,0,123
MoTBFs,123,0,123
IMak,123,0,123
MPINet,123,0,123
papayar,123,0,123
SIMMS,123,0,123
pop,123,0,123
rsubgroup,123,0,123
FUNTA,123,0,123
spcov,123,0,123
reservoir,123,0,123
hrr,123,0,123
krm,123,0,123
RNHANES,123,0,123
MGSDA,123,0,123
pointdensityP,123,0,123
npregfast,123,0,123
restlos,123,0,123
photobiologyLamps,123,0,123
fermicatsR,123,0,123
EW,123,0,123
mmppr,123,0,123
hierband,123,0,123
RHMS,123,0,123
PBIBD,123,0,123
soilcarbon,123,0,123
QGglmm,123,0,123
TableMonster,123,0,123
FACTscorer,123,0,123
modTempEff,123,0,123
smdc,123,0,123
osc,123,0,123
steadyICA,123,0,123
oec,123,0,123
npsf,123,0,123
HMVD,123,0,123
leiv,123,0,123
Interact,123,0,123
oec,123,0,123
npsf,123,0,123
intrval,123,0,123
randstr,123,0,123
MakefileR,123,0,123
wccsom,123,0,123
HMMpa,123,0,123
ITEMAN,123,0,123
wccsom,123,0,123
mountainplot,123,0,123
PIGShift,123,0,123
PLSbiplot1,123,0,123
fmrs,123,0,123
freqdist,123,0,123
gaoptim,123,0,123
multdyn,123,0,123
nmfgpu4R,123,0,123
gaoptim,123,0,123
MExPosition,123,0,123
tgram,91,32,123
polySegratio,28,95,123
rClinicalCodes,122,0,122
TELP,122,0,122
TippingPoint,122,0,122
NSA,122,0,122
logitchoice,122,0,122
fastnet,122,0,122
MOrder,122,0,122
inarmix,122,0,122
safer,122,0,122
marcher,122,0,122
IndTestPP,122,0,122
kehra,122,0,122
PLordprob,122,0,122
hds,122,0,122
SAFD,122,0,122
Rtauchen,122,0,122
makeProject,122,0,122
RcppHMM,122,0,122
icaOcularCorrection,122,0,122
GWG,122,0,122
quipu,122,0,122
haploReconstruct,122,0,122
degenes,122,0,122
R1magic,122,0,122
GofKmt,122,0,122
kpodclustr,122,0,122
drmdel,122,0,122
simsalapar,122,0,122
educineq,122,0,122
raptr,122,0,122
ergmharris,122,0,122
r2dRue,122,0,122
hybridModels,122,0,122
palinsol,122,0,122
matrixLaplacian,122,0,122
ss3sim,122,0,122
hybridModels,122,0,122
SPRT,122,0,122
gofMC,122,0,122
RepeatABEL,122,0,122
FMP,122,0,122
VizOR,122,0,122
MiRSEA,122,0,122
rIsing,122,0,122
kineticF,122,0,122
msltrend,122,0,122
msltrend,122,0,122
shinycssloaders,122,0,122
plmm,122,0,122
PhySortR,122,0,122
radar,122,0,122
TipDatingBeast,122,0,122
limitplot,122,0,122
multinet,122,0,122
PROTOLIDAR,122,0,122
kmlcov,122,0,122
supportInt,122,0,122
spongecake,122,0,122
multinet,122,0,122
PROTOLIDAR,122,0,122
snipEM,122,0,122
qtlhot,122,0,122
elhmc,122,0,122
supervisedPRIM,122,0,122
GLMaSPU,122,0,122
TTS,122,0,122
ROMIplot,122,0,122
sparkwarc,122,0,122
scan,122,0,122
iWISA,122,0,122
MANCIE,122,0,122
GCalignR,122,0,122
cystiSim,122,0,122
misreport,122,0,122
riskR,122,0,122
EvCombR,122,0,122
SMCRM,122,0,122
fptdApprox,121,1,122
rSFA,118,4,122
stoichcalc,116,6,122
rvgtest,48,74,122
rasterKernelEstimates,121,0,121
lspls,121,0,121
horserule,121,0,121
rHealthDataGov,121,0,121
mmm,121,0,121
ParentOffspring,121,0,121
pgraph,121,0,121
ParentOffspring,121,0,121
pgraph,121,0,121
Simile,121,0,121
proton,121,0,121
prLogistic,121,0,121
mvLSW,121,0,121
phenmod,121,0,121
hotspots,121,0,121
MullerPlot,121,0,121
phenmod,121,0,121
kernscr,121,0,121
Ramble,121,0,121
MultiBD,121,0,121
nlstimedist,121,0,121
quantileDA,121,0,121
infutil,121,0,121
proteomics,121,0,121
RGIFT,121,0,121
polywog,121,0,121
polywog,121,0,121
VecStatGraphs2D,121,0,121
kamila,121,0,121
gnmf,121,0,121
RMThreshold,121,0,121
palettetown,121,0,121
Records,121,0,121
fullfact,121,0,121
pogit,121,0,121
regsel,121,0,121
MRSP,121,0,121
popsom,121,0,121
TableToLongForm,121,0,121
l0ara,121,0,121
PCDSpline,121,0,121
GPB,121,0,121
mason,121,0,121
mme,121,0,121
evidenceFactors,121,0,121
QNB,121,0,121
evidenceFactors,121,0,121
RPEnsemble,121,0,121
simTool,121,0,121
hyper.fit,121,0,121
paleoMAS,121,0,121
svIDE,121,0,121
pheno2geno,121,0,121
GeneFeST,121,0,121
ICV,121,0,121
statnetWeb,121,0,121
recommenderlabJester,121,0,121
OrdLogReg,121,0,121
iBST,121,0,121
Myrrix,121,0,121
PoisBinOrd,121,0,121
sanon,121,0,121
hkex.api,121,0,121
nse,121,0,121
multiwave,121,0,121
hint,121,0,121
mapfit,121,0,121
NetRep,121,0,121
LS2Wstat,121,0,121
pvclass,121,0,121
LICurvature,121,0,121
planar,121,0,121
KENDL,121,0,121
dslabs,121,0,121
msap,121,0,121
OTE,121,0,121
digitalPCR,121,0,121
LiblineaR.ACF,121,0,121
RWildbook,121,0,121
rSPACE,121,0,121
genMOSS,121,0,121
hglasso,121,0,121
TMDb,121,0,121
nprobust,121,0,121
InfiniumPurify,121,0,121
nprobust,121,0,121
InfiniumPurify,121,0,121
rangemodelR,121,0,121
hiertest,121,0,121
nonmemica,121,0,121
stratigraph,121,0,121
dataMeta,121,0,121
lightsout,121,0,121
FastKM,121,0,121
LogicOpt,121,0,121
stratigraph,121,0,121
wikibooks,120,1,121
wrangle,119,2,121
rsolr,116,5,121
tcgsaseq,45,76,121
gwfa,120,0,120
plotMElm,120,0,120
MOJOV,120,0,120
rld,120,0,120
PEMM,120,0,120
lassoscore,120,0,120
windex,120,0,120
hoa,120,0,120
iDOS,120,0,120
hoa,120,0,120
iDOS,120,0,120
pgee.mixed,120,0,120
siRSM,120,0,120
micompr,120,0,120
bigtcr,120,0,120
fastHorseshoe,120,0,120
SMC,120,0,120
pamctdp,120,0,120
TRD,120,0,120
RevEcoR,120,0,120
klausuR,120,0,120
liqueueR,120,0,120
ordiBreadth,120,0,120
RSMET,120,0,120
kin.cohort,120,0,120
SubpathwayLNCE,120,0,120
jtGWAS,120,0,120
SAVE,120,0,120
kin.cohort,120,0,120
jtGWAS,120,0,120
SubpathwayLNCE,120,0,120
SimultAnR,120,0,120
lasvmR,120,0,120
rollply,120,0,120
VSE,120,0,120
MatchLinReg,120,0,120
SAMUR,120,0,120
FCGR,120,0,120
LeArEst,120,0,120
glmdm,120,0,120
elasticIsing,120,0,120
momr,120,0,120
Rivivc,120,0,120
sidier,120,0,120
raw,120,0,120
pcev,120,0,120
Rcereal,120,0,120
QCEWAS,120,0,120
rankdist,120,0,120
SimuChemPC,120,0,120
rYoutheria,120,0,120
mcemGLM,120,0,120
sprinter,120,0,120
MVT,120,0,120
errorizer,120,0,120
sprinter,120,0,120
ExpDE,120,0,120
occ,120,0,120
PWD,120,0,120
pfa,120,0,120
csp,120,0,120
scphaser,120,0,120
EBrank,120,0,120
favnums,120,0,120
naptime,120,0,120
EBrank,120,0,120
INSPIRE,120,0,120
LFDR.MLE,120,0,120
sampSurf,120,0,120
IRATER,120,0,120
qat,120,0,120
hotspot,120,0,120
TSfame,37,83,120
wrspathrowData,24,96,120
nontargetData,17,103,120
nsgp,119,0,119
WCE,119,0,119
fpa,119,0,119
spass,119,0,119
LumReader,119,0,119
RVPedigree,119,0,119
personograph,119,0,119
LW1949,119,0,119
svWidgets,119,0,119
spTDyn,119,0,119
RndTexExams,119,0,119
Storm,119,0,119
flippant,119,0,119
UNF,119,0,119
visualFields,119,0,119
fabCI,119,0,119
lineup,119,0,119
mogavs,119,0,119
sensiPhy,119,0,119
GenCAT,119,0,119
RNewsflow,119,0,119
EstimateGroupNetwork,119,0,119
GenCAT,119,0,119
SODC,119,0,119
ziphsmm,119,0,119
lmeVarComp,119,0,119
matie,119,0,119
xlutils3,119,0,119
sisVIVE,119,0,119
easyDes,119,0,119
ReCiPa,119,0,119
QRAGadget,119,0,119
QVM,119,0,119
dynia,119,0,119
tmle.npvi,119,0,119
documair,119,0,119
ordBTL,119,0,119
PolyPatEx,119,0,119
TITAN2,119,0,119
spMC,119,0,119
injectoR,119,0,119
remMap,119,0,119
mmeln,119,0,119
logcondiscr,119,0,119
rdian,119,0,119
svKomodo,119,0,119
pesticides,119,0,119
RSPS,119,0,119
StepwiseTest,119,0,119
mlgt,119,0,119
SenSrivastava,119,0,119
nima,119,0,119
QCSIS,119,0,119
selection,119,0,119
multiCA,119,0,119
macc,119,0,119
GiANT,119,0,119
Hankel,119,0,119
PAactivPAL,119,0,119
SHIP,119,0,119
QCGWAS,119,0,119
TDCor,119,0,119
Hankel,119,0,119
PAactivPAL,119,0,119
pgnorm,119,0,119
RKlout,119,0,119
rlo,119,0,119
modehunt,119,0,119
SCEPtERbinary,119,0,119
rlo,119,0,119
SensusR,119,0,119
denseFLMM,119,0,119
faisalconjoint,119,0,119
owmr,119,0,119
relaxnet,118,1,119
nbc4va,113,6,119
MHTdiscrete,44,75,119
mateable,118,0,118
FractalParameterEstimation,118,0,118
markmyassignment,118,0,118
PRIMsrc,118,0,118
Voss,118,0,118
ider,118,0,118
shuffle,118,0,118
TrendInTrend,118,0,118
meanShiftR,118,0,118
NetOrigin,118,0,118
cthreshER,118,0,118
conditions,118,0,118
mglmn,118,0,118
Peacock.test,118,0,118
Peacock.test,118,0,118
ResistorArray,118,0,118
Phxnlme,118,0,118
HAP.ROR,118,0,118
saturnin,118,0,118
snapshot,118,0,118
pscore,118,0,118
qfasar,118,0,118
rBeta2009,118,0,118
qfasar,118,0,118
rBeta2009,118,0,118
rprev,118,0,118
FuzzyStatTra,118,0,118
rechonest,118,0,118
noise,118,0,118
RelValAnalysis,118,0,118
DLASSO,118,0,118
junr,118,0,118
MRH,118,0,118
genomicper,118,0,118
ZeBook,118,0,118
MaXact,118,0,118
NNTbiomarker,118,0,118
mcparallelDo,118,0,118
HW.pval,118,0,118
replicationInterval,118,0,118
Rquake,118,0,118
prodigenr,118,0,118
inca,118,0,118
inca,118,0,118
iGasso,118,0,118
semisupKernelPCA,118,0,118
rbefdata,118,0,118
ManyTests,118,0,118
bayesCL,118,0,118
fuzzyFDR,118,0,118
sensitivitymw,118,0,118
mistral,118,0,118
gendist,118,0,118
keep,118,0,118
s2,118,0,118
gendist,118,0,118
spsann,118,0,118
polySegratioMM,118,0,118
repeated,118,0,118
rmdHelpers,118,0,118
distfree.cr,118,0,118
qLearn,118,0,118
ftsspec,118,0,118
StandardizeText,118,0,118
hierDiversity,118,0,118
qut,118,0,118
focusedMDS,118,0,118
minimap,118,0,118
optismixture,118,0,118
mpbart,118,0,118
mcheatmaps,118,0,118
mwaved,118,0,118
plugdensity,118,0,118
LotkasLaw,118,0,118
rms.gof,118,0,118
SARP.moodle,118,0,118
mvtboost,118,0,118
IMPACT,118,0,118
HWEintrinsic,118,0,118
MATA,118,0,118
MATA,118,0,118
pafdR,118,0,118
HWEintrinsic,118,0,118
merDeriv,118,0,118
tigreBrowserWriter,115,3,118
SSBtools,113,5,118
TSMySQL,35,83,118
TSmisc,25,93,118
Myrrixjars,13,105,118
hcp,117,0,117
makeFlow,117,0,117
PhysActBedRest,117,0,117
qPCR.CT,117,0,117
proteomicdesign,117,0,117
MethylCapSig,117,0,117
yakmoR,117,0,117
r2d2,117,0,117
RFgroove,117,0,117
Traitspace,117,0,117
lazysql,117,0,117
poisDoubleSamp,117,0,117
tgcd,117,0,117
liftLRD,117,0,117
rstack,117,0,117
Fuzzy.p.value,117,0,117
remix,117,0,117
ljr,117,0,117
nscancor,117,0,117
packS4,117,0,117
tensr,117,0,117
scdhlm,117,0,117
net.security,117,0,117
LTPDvar,117,0,117
sac,117,0,117
lxb,117,0,117
samplingEstimates,117,0,117
LCF,117,0,117
SPIAssay,117,0,117
nlnet,117,0,117
hierarchicalSets,117,0,117
exteriorMatch,117,0,117
phonenumber,117,0,117
mpcv,117,0,117
TauP.R,117,0,117
sybilEFBA,117,0,117
minPtest,117,0,117
TiddlyWikiR,117,0,117
HIV.LifeTables,117,0,117
insideRODE,117,0,117
RSurveillance,117,0,117
MBSGS,117,0,117
sp500SlidingWindow,117,0,117
highmean,117,0,117
platetools,117,0,117
parfossil,117,0,117
IsoSpecR,117,0,117
walkscoreAPI,117,0,117
MatrixLDA,117,0,117
waffect,117,0,117
seedy,117,0,117
mztwinreg,117,0,117
packClassic,117,0,117
ISBF,117,0,117
obs.agree,117,0,117
GauPro,117,0,117
RESS,117,0,117
phybreak,117,0,117
RcppBlaze,117,0,117
MConjoint,117,0,117
crisp,117,0,117
rsoi,117,0,117
noweb,117,0,117
palr,117,0,117
maSAE,117,0,117
prereg,117,0,117
ppmlasso,117,0,117
QRank,117,0,117
mlica2,117,0,117
FlexDir,117,0,117
isotonic.pen,117,0,117
pasta,117,0,117
qrjoint,116,0,116
PabonLasso,116,0,116
rtrends,116,0,116
SoundexBR,116,0,116
MEclustnet,116,0,116
mded,116,0,116
fpest,116,0,116
secure,116,0,116
MuFiCokriging,116,0,116
IntegrateBs,116,0,116
YuGene,116,0,116
pweight,116,0,116
samplesizelogisticcasecontrol,116,0,116
lsdv,116,0,116
phalen,116,0,116
grpss,116,0,116
md,116,0,116
MetaboQC,116,0,116
mvcluster,116,0,116
sprex,116,0,116
plaqr,116,0,116
MPAgenomics,116,0,116
pergola,116,0,116
UScancer,116,0,116
mfe,116,0,116
synlik,116,0,116
mri,116,0,116
RobustGaSP,116,0,116
multinbmod,116,0,116
PRISMAstatement,116,0,116
vows,116,0,116
RTConnect,116,0,116
mreg,116,0,116
uHMM,116,0,116
saeRobust,116,0,116
shinyShortcut,116,0,116
ROCwoGS,116,0,116
gwdegree,116,0,116
qte,116,0,116
xoi,116,0,116
sig,116,0,116
sig,116,0,116
FI,116,0,116
VideoComparison,116,0,116
rly,116,0,116
mpe,116,0,116
marl,116,0,116
OPI,116,0,116
lclGWAS,116,0,116
pln,116,0,116
ordinalForest,116,0,116
sysid,116,0,116
parallelMCMCcombine,116,0,116
waveband,116,0,116
progenyClust,116,0,116
ssvd,116,0,116
MDimNormn,116,0,116
stocc,116,0,116
omd,116,0,116
mopsocd,116,0,116
regsubseq,116,0,116
QQperm,116,0,116
mcc,116,0,116
rhoR,116,0,116
SoyNAM,116,0,116
corlink,116,0,116
SequenceAnalysis,116,0,116
rFTRLProximal,116,0,116
QQperm,116,0,116
RSauceLabs,108,8,116
wBoot,115,0,115
TransP,115,0,115
SSrat,115,0,115
treelet,115,0,115
vecsets,115,0,115
SII,115,0,115
vita,115,0,115
rvalues,115,0,115
machQA,115,0,115
machQA,115,0,115
rchallenge,115,0,115
Rgbp,115,0,115
GSAQ,115,0,115
StressStrength,115,0,115
TANOVA,115,0,115
rwty,115,0,115
FMsmsnReg,115,0,115
rollbar,115,0,115
tracer,115,0,115
pro,115,0,115
scanstatistics,115,0,115
FMsmsnReg,115,0,115
OOR,115,0,115
PLRModels,115,0,115
smcUtils,115,0,115
fastcmh,115,0,115
mmpp,115,0,115
PeerPerformance,115,0,115
sgr,115,0,115
fishkirkko2015,115,0,115
minxent,115,0,115
sivipm,115,0,115
stagePop,115,0,115
pGMGM,115,0,115
spectralGP,115,0,115
pmhtutorial,115,0,115
WACS,115,0,115
nlrr,115,0,115
nlrr,115,0,115
pubprint,115,0,115
smss,115,0,115
NPMPM,115,0,115
polychaosbasics,115,0,115
perccal,115,0,115
timetree,115,0,115
SpaTimeClus,115,0,115
snht,115,0,115
sprint,115,0,115
rKIN,115,0,115
incadata,115,0,115
palm,115,0,115
ProteinDescriptors,115,0,115
moveWindSpeed,115,0,115
Tsphere,115,0,115
jrich,115,0,115
peakRAM,115,0,115
rccdates,115,0,115
population,115,0,115
MiSPU,115,0,115
rkvo,115,0,115
SizeEstimation,115,0,115
proportion,115,0,115
MagneticMap,115,0,115
ICSOutlier,115,0,115
jacpop,115,0,115
RFormatter,115,0,115
lspline,115,0,115
lspline,115,0,115
nhstplot,115,0,115
RSIP,115,0,115
multiAssetOptions,115,0,115
rHpcc,115,0,115
p2distance,115,0,115
lshorth,115,0,115
HDGLM,115,0,115
l2boost,115,0,115
otrimle,115,0,115
twostageTE,115,0,115
symbolicDA,115,0,115
l2boost,115,0,115
noncompliance,115,0,115
rWind,115,0,115
PersomicsArray,115,0,115
Tariff,114,1,115
xVA,111,4,115
preprocomb,19,96,115
ie2misc,8,107,115
rCAT,114,0,114
qclust,114,0,114
multiband,114,0,114
WRTDStidal,114,0,114
WRTDStidal,114,0,114
orgR,114,0,114
WPC,114,0,114
SPIGA,114,0,114
REPTILE,114,0,114
translateSPSS2R,114,0,114
mstherm,114,0,114
sideChannelAttack,114,0,114
replicatedpp2w,114,0,114
dotCall64,114,0,114
Rknots,114,0,114
horseshoe,114,0,114
unitizer,114,0,114
RVideoPoker,114,0,114
pcrcoal,114,0,114
IDTurtle,114,0,114
pems.utils,114,0,114
spaero,114,0,114
mlma,114,0,114
MetNorm,114,0,114
SunterSampling,114,0,114
highTtest,114,0,114
thsls,114,0,114
inum,114,0,114
MultiCNVDetect,114,0,114
Rsurrogate,114,0,114
KTensorGraphs,114,0,114
translation.ko,114,0,114
medfate,114,0,114
mhde,114,0,114
microPop,114,0,114
time2event,114,0,114
SeqAlloc,114,0,114
MedOr,114,0,114
QFRM,114,0,114
MPLikelihoodWB,114,0,114
rtson,114,0,114
IHSEP,114,0,114
IHSEP,114,0,114
SDEFSR,114,0,114
listdtr,114,0,114
JPEN,114,0,114
milr,114,0,114
mixlink,114,0,114
molaR,114,0,114
refimpact,114,0,114
RTransProb,114,0,114
PASenseWear,114,0,114
PASenseWear,114,0,114
qrencoder,114,0,114
nFCA,114,0,114
PATHChange,114,0,114
stackoverflow,114,0,114
LDtests,114,0,114
RmixmodCombi,114,0,114
synRNASeqNet,114,0,114
meltt,114,0,114
partialOR,114,0,114
HiPLARM,114,0,114
LocFDRPois,114,0,114
trioGxE,114,0,114
RidgeFusion,114,0,114
lpmodeler,114,0,114
openEBGM,114,0,114
eventInterval,114,0,114
lrgs,114,0,114
slfm,114,0,114
MultiRR,114,0,114
nordklimdata1,114,0,114
eMLEloglin,114,0,114
tubern,114,0,114
MIXFIM,113,0,113
sigloc,113,0,113
ThreeGroups,113,0,113
Pijavski,113,0,113
unitedR,113,0,113
needy,113,0,113
MDM,113,0,113
mBvs,113,0,113
murphydiagram,113,0,113
RTextureMetrics,113,0,113
mcgfa,113,0,113
primefactr,113,0,113
StratSel,113,0,113
groupRemMap,113,0,113
MF,113,0,113
qboxplot,113,0,113
treethresh,113,0,113
groupRemMap,113,0,113
StratSel,113,0,113
popReconstruct,113,0,113
spatial.gev.bma,113,0,113
fitDRC,113,0,113
SBSA,113,0,113
rdomains,113,0,113
svDialogstcltk,113,0,113
SpaCCr,113,0,113
rdomains,113,0,113
svDialogstcltk,113,0,113
LncPriCNet,113,0,113
ezglm,113,0,113
rmcorr,113,0,113
uaparserjs,113,0,113
tggd,113,0,113
meteR,113,0,113
nnlasso,113,0,113
PACBO,113,0,113
ibmcraftr,113,0,113
LGRF,113,0,113
pairedCI,113,0,113
rGammaGamma,113,0,113
MSGLasso,113,0,113
RegClust,113,0,113
MCPerm,113,0,113
mewAvg,113,0,113
rxSeq,113,0,113
poptrend,113,0,113
Partiallyoverlapping,113,0,113
mdpeer,113,0,113
fmt,113,0,113
oaPlots,113,0,113
rForest,113,0,113
OCA,113,0,113
sbmSDP,113,0,113
pqantimalarials,113,0,113
TilePlot,113,0,113
fizzbuzzR,113,0,113
r2stl,113,0,113
selectspm,113,0,113
mlPhaser,113,0,113
SOPIE,113,0,113
MediaK,113,0,113
RankResponse,113,0,113
password,113,0,113
RoughSetKnowledgeReduction,113,0,113
SISIR,113,0,113
observer,113,0,113
strip,113,0,113
jointPm,113,0,113
IPMRF,113,0,113
march,113,0,113
mcll,113,0,113
tvd,113,0,113
ordDisp,113,0,113
readHAC,109,4,113
RAppArmor,75,38,113
spt,112,0,112
SUE,112,0,112
GK2011,112,0,112
rseedcalc,112,0,112
luzlogr,112,0,112
probFDA,112,0,112
snowboot,112,0,112
stacomirtools,112,0,112
Rsampling,112,0,112
ropercenter,112,0,112
varian,112,0,112
Radviz,112,0,112
sealasso,112,0,112
phylometrics,112,0,112
obliclus,112,0,112
qlcData,112,0,112
magicfor,112,0,112
hkclustering,112,0,112
mbclusterwise,112,0,112
MiST,112,0,112
RClimMAWGEN,112,0,112
petrinetR,112,0,112
petrinetR,112,0,112
RHT,112,0,112
RStorm,112,0,112
surveyeditor,112,0,112
ocomposition,112,0,112
searchable,112,0,112
timeordered,112,0,112
ShapeSelectForest,112,0,112
weatherr,112,0,112
wmlf,112,0,112
spTest,112,0,112
rpcdsearch,112,0,112
mixtNB,112,0,112
startR,112,0,112
permGPU,112,0,112
MVB,112,0,112
rDNAse,112,0,112
splitfngr,112,0,112
gbutils,112,0,112
Rdrools,112,0,112
mHG,112,0,112
svSweave,112,0,112
PIGE,112,0,112
MixedDataImpute,112,0,112
not,112,0,112
MHTrajectoryR,112,0,112
uniftest,112,0,112
RateDistortion,112,0,112
multxpert,112,0,112
pact,112,0,112
pairheatmap,112,0,112
zooimage,112,0,112
logconPH,112,0,112
ttbbeer,112,0,112
Tinflex,112,0,112
nivm,112,0,112
sra,112,0,112
FDRsampsize,112,0,112
tsBSS,97,15,112
wrswoR.benchmark,18,94,112
Wrapped,111,0,111
spacejam,111,0,111
SelvarMix,111,0,111
SLDAssay,111,0,111
SHLR,111,0,111
pGLS,111,0,111
OneArmPhaseTwoStudy,111,0,111
tailloss,111,0,111
localdepth,111,0,111
seqCBS,111,0,111
mmm2,111,0,111
robustvarComp,111,0,111
subtype,111,0,111
maxmatching,111,0,111
gemlog,111,0,111
LGEWIS,111,0,111
xhmmScripts,111,0,111
PropScrRand,111,0,111
mbrglm,111,0,111
gensemble,111,0,111
TDPanalysis,111,0,111
TDPanalysis,111,0,111
indelmiss,111,0,111
pathmapping,111,0,111
TaoTeProgramming,111,0,111
NegBinBetaBinreg,111,0,111
govStatJPN,111,0,111
SphericalK,111,0,111
UncertainInterval,111,0,111
RMRAINGEN,111,0,111
smdata,111,0,111
RMRAINGEN,111,0,111
spark.sas7bdat,111,0,111
md.log,111,0,111
pmcgd,111,0,111
SinIW,111,0,111
toxtestD,111,0,111
minimalRSD,111,0,111
RFreak,111,0,111
ternvis,111,0,111
ternvis,111,0,111
SubLasso,111,0,111
TideCurves,111,0,111
SpectralMap,111,0,111
RVtests,111,0,111
grove,111,0,111
widals,111,0,111
setter,111,0,111
jointNmix,111,0,111
stepPenal,111,0,111
sGPCA,111,0,111
pocrm,111,0,111
optifunset,111,0,111
Homeric,111,0,111
Rdice,111,0,111
muRL,111,0,111
Planesmuestra,111,0,111
Planesmuestra,111,0,111
RMC,111,0,111
Redmonder,111,0,111
wvtool,111,0,111
viopoints,111,0,111
kscons,110,0,110
SEAsic,110,0,110
tfer,110,0,110
sBIC,110,0,110
sprm,110,0,110
RWinEdt,110,0,110
parlitools,110,0,110
lodGWAS,110,0,110
EvaluationMeasures,110,0,110
MWRidge,110,0,110
presens,110,0,110
vqtl,110,0,110
wPerm,110,0,110
neariso,110,0,110
Rwinsteps,110,0,110
neariso,110,0,110
TKF,110,0,110
mutSignatures,110,0,110
testassay,110,0,110
vetools,110,0,110
malani,110,0,110
hyphenatr,110,0,110
pgs,110,0,110
sparseBC,110,0,110
xtal,110,0,110
ncg,110,0,110
praktikum,110,0,110
supc,110,0,110
taber,110,0,110
spdynmod,110,0,110
ttwa,110,0,110
rgcvpack,110,0,110
RDStreeboot,110,0,110
selfea,110,0,110
parsemsf,110,0,110
phyndr,110,0,110
infraFDTD.assist,110,0,110
isopat,110,0,110
selfea,110,0,110
TanB,110,0,110
sensitivity2x2xk,110,0,110
spgs,110,0,110
PEGroupTesting,110,0,110
pipefittr,110,0,110
SPmlficmcm,110,0,110
rareGE,110,0,110
rNMF,110,0,110
ptycho,110,0,110
pcaPA,110,0,110
MorseGen,110,0,110
JGEE,110,0,110
sublime,110,0,110
pdolsms,110,0,110
SACOBRA,110,0,110
thermocouple,110,0,110
iJRF,110,0,110
VariableScreening,110,0,110
spatialnbda,110,0,110
msma,110,0,110
selectiongain,110,0,110
magree,110,0,110
twiddler,109,1,110
permubiome,109,0,109
PropClust,109,0,109
rDVR,109,0,109
PropClust,109,0,109
gCat,109,0,109
ucbthesis,109,0,109
SMLoutliers,109,0,109
nearfar,109,0,109
phcfM,109,0,109
sybilDynFBA,109,0,109
prof.tree,109,0,109
ssc,109,0,109
svs,109,0,109
phcfM,109,0,109
LogitNet,109,0,109
JSM,109,0,109
TBEST,109,0,109
mmds,109,0,109
optbdmaeAT,109,0,109
teda,109,0,109
robustrank,109,0,109
SegCorr,109,0,109
Relatedness,109,0,109
nspmix,109,0,109
ptwikiwords,109,0,109
simpleNeural,109,0,109
grapes,109,0,109
QRegVCM,109,0,109
StVAR,109,0,109
Rtnmin,109,0,109
seeclickfixr,109,0,109
straweib,109,0,109
NORMA,109,0,109
MetaheuristicFPA,109,0,109
qualCI,109,0,109
uskewFactors,109,0,109
orsifronts,109,0,109
fgpt,109,0,109
orsifronts,109,0,109
strat,109,0,109
multifwf,109,0,109
scar,109,0,109
prc,109,0,109
rgabriel,109,0,109
lrequire,109,0,109
zTree,109,0,109
ramcmc,109,0,109
Meth27QC,109,0,109
ramcmc,109,0,109
MultiGHQuad,109,0,109
TERAplusB,109,0,109
mycobacrvR,109,0,109
popprxl,109,0,109
sensitivityPStrat,109,0,109
spikes,109,0,109
Sofi,109,0,109
Sofi,109,0,109
MultiSV,109,0,109
unvotes,109,0,109
SAMM,109,0,109
sFFLHD,109,0,109
MLPUGS,109,0,109
scio,107,2,109
TScompare,26,83,109
rvHPDT,108,0,108
ROI.models.netlib,108,0,108
PharmPow,108,0,108
linERR,108,0,108
SOFIA,108,0,108
interventionalDBN,108,0,108
noia,108,0,108
RNaviCell,108,0,108
neuroblastoma,108,0,108
Rrdrand,108,0,108
SubpathwayGMir,108,0,108
SiMRiv,108,0,108
svdvisual,108,0,108
madr,108,0,108
NEff,108,0,108
PDM,108,0,108
wbs,108,0,108
rtrie,108,0,108
sparseLTSEigen,108,0,108
mlmc,108,0,108
lbreg,108,0,108
tableMatrix,108,0,108
REREFACT,108,0,108
nlshrink,108,0,108
sparseFLMM,108,0,108
sgRSEA,108,0,108
ifctools,108,0,108
thankr,108,0,108
validatejsonr,108,0,108
RGenetics,108,0,108
pop.wolf,108,0,108
LinCal,108,0,108
rSCA,108,0,108
sfc,108,0,108
rbgm,108,0,108
tracheideR,108,0,108
ScreenClean,108,0,108
tlemix,108,0,108
rpql,108,0,108
webvis,108,0,108
sidrar,108,0,108
predatory,108,0,108
rFSA,108,0,108
RIFS,108,0,108
ORCI,108,0,108
sdPrior,108,0,108
quickReg,108,0,108
SightabilityModel,108,0,108
phuassess,108,0,108
midrangeMCP,108,0,108
VRPM,108,0,108
widenet,108,0,108
RApiDatetime,108,0,108
VoxR,108,0,108
NPsimex,108,0,108
rbvs,108,0,108
vertexenum,106,2,108
landpred,104,4,108
landpred,104,4,108
symDMatrix,95,13,108
tsSelect,107,0,107
phylodyn,107,0,107
SPCALDA,107,0,107
RcellData,107,0,107
someKfwer,107,0,107
rationalfun,107,0,107
R2ucare,107,0,107
ScrabbleScore,107,0,107
SRRS,107,0,107
VBmix,107,0,107
rGroovy,107,0,107
ukgasapi,107,0,107
ph2mult,107,0,107
ph2mult,107,0,107
sodavis,107,0,107
ockc,107,0,107
SurvDisc,107,0,107
icsw,107,0,107
myepisodes,107,0,107
refnr,107,0,107
structree,107,0,107
solvebio,107,0,107
sgee,107,0,107
ig.vancouver.2014.topcolour,107,0,107
ramsvm,107,0,107
mdmb,107,0,107
wingui,107,0,107
VHDClassification,107,0,107
pnmtrem,107,0,107
MethyBayes,107,0,107
ptest,107,0,107
ViSiElse,107,0,107
rvTDT,107,0,107
rvTDT,107,0,107
penDvine,107,0,107
tsbridge,107,0,107
FPCA2D,107,0,107
smac,107,0,107
MAGNAMWAR,107,0,107
ungeneanno,107,0,107
rSARP,107,0,107
MuViCP,107,0,107
ops,107,0,107
MuViCP,107,0,107
RSAgeo,107,0,107
labeledLoop,107,0,107
merror,107,0,107
PrivateLR,107,0,107
VDAP,107,0,107
ordcrm,107,0,107
pcg,107,0,107
seroincidence,107,0,107
selfingTree,107,0,107
isingLenzMC,107,0,107
race,107,0,107
starmie,107,0,107
mtk,107,0,107
ztype,107,0,107
slp,105,2,107
MRQoL,106,0,106
SteinIV,106,0,106
SPEDInstabR,106,0,106
SteinIV,106,0,106
proccalibrad,106,0,106
rodham,106,0,106
SOR,106,0,106
zeallot,106,0,106
nparsurv,106,0,106
tsc,106,0,106
pensim,106,0,106
mppa,106,0,106
samplingDataCRT,106,0,106
samplingDataCRT,106,0,106
tttplot,106,0,106
sanitizers,106,0,106
htdp,106,0,106
PTE,106,0,106
Ridit,106,0,106
fixedTimeEvents,106,0,106
nose,106,0,106
runittotestthat,106,0,106
sBF,106,0,106
WordPools,106,0,106
usedist,106,0,106
PathSelectMP,106,0,106
unsystation,106,0,106
LRcontrast,106,0,106
MiRAnorm,106,0,106
vudc,106,0,106
SPPcomb,106,0,106
IATScore,106,0,106
rngSetSeed,106,0,106
PeriodicTable,106,0,106
iMediate,106,0,106
rngSetSeed,106,0,106
write.snns,106,0,106
twoStageGwasPower,106,0,106
templates,106,0,106
rbiouml,106,0,106
powerpkg,106,0,106
uptimeRobot,106,0,106
memo,106,0,106
permPATH,106,0,106
threeboost,106,0,106
fitdc,106,0,106
PLIS,106,0,106
uptimeRobot,106,0,106
RadTran,106,0,106
pipeGS,106,0,106
supcluster,106,0,106
VLF,106,0,106
SSRA,106,0,106
plspolychaos,106,0,106
spnet,106,0,106
sddpack,106,0,106
olctools,104,2,106
TSodbc,29,77,106
trackdem,105,0,105
MADPop,105,0,105
OSCV,105,0,105
repfdr,105,0,105
patPRO,105,0,105
xkcdcolors,105,0,105
ssfit,105,0,105
mph,105,0,105
wfg,105,0,105
blatr,105,0,105
rfml,105,0,105
rscimark,105,0,105
sglr,105,0,105
SOUP,105,0,105
smirnov,105,0,105
rakeR,105,0,105
multfisher,105,0,105
sbioPN,105,0,105
modQR,105,0,105
texmexseq,105,0,105
KERE,105,0,105
moko,105,0,105
pom,105,0,105
UWHAM,105,0,105
valuer,105,0,105
relen,105,0,105
RLogicalOps,105,0,105
VDA,105,0,105
smco,105,0,105
opticut,105,0,105
SuperRanker,105,0,105
saves,105,0,105
KnapsackSampling,105,0,105
MIDN,105,0,105
QCAfalsePositive,105,0,105
nzpullover,105,0,105
nzpullover,105,0,105
PAGI,105,0,105
sisal,105,0,105
kriens,105,0,105
spe,105,0,105
TSeriesMMA,105,0,105
NestedCategBayesImpute,105,0,105
PCADSC,105,0,105
SDDE,105,0,105
seawaveQ,105,0,105
WiSEBoot,105,0,105
randomizationInference,105,0,105
Table1Heatmap,105,0,105
relSim,105,0,105
subrank,105,0,105
ssd,105,0,105
STB,105,0,105
soobench,100,5,105
svHttp,6,99,105
pkmon,104,0,104
trib,104,0,104
pkmon,104,0,104
varband,104,0,104
qgtools,104,0,104
sybilcycleFreeFlux,104,0,104
spsi,104,0,104
PolyTrend,104,0,104
unbalhaar,104,0,104
Tlasso,104,0,104
whoapi,104,0,104
marqLevAlg,104,0,104
mmc,104,0,104
whoapi,104,0,104
SeerMapper2010West,104,0,104
SimPhe,104,0,104
TLBC,104,0,104
gdmp,104,0,104
XRJulia,104,0,104
rivervis,104,0,104
textgRid,104,0,104
TSGSIS,104,0,104
pkgcopier,104,0,104
lero.lero,104,0,104
Rga4gh,104,0,104
MetFns,104,0,104
represtools,104,0,104
smoothtail,104,0,104
WLreg,104,0,104
negenes,104,0,104
TSS.RESTREND,104,0,104
MBTAr,104,0,104
profilr,104,0,104
MTDrh,104,0,104
reGenotyper,104,0,104
endtoend,104,0,104
MGL,104,0,104
rmp,104,0,104
track,104,0,104
rrBlupMethod6,104,0,104
sporm,104,0,104
treeHFM,104,0,104
TickExec,104,0,104
PCSinR,104,0,104
VarSelLCM,104,0,104
ukds,104,0,104
waver,104,0,104
skeleSim,103,0,103
waved,103,0,103
skeleSim,103,0,103
quarrint,103,0,103
sparseSVM,103,0,103
tpe,103,0,103
mhtboot,103,0,103
partitionMetric,103,0,103
treeplyr,103,0,103
domino,103,0,103
tempcyclesdata,103,0,103
domino,103,0,103
morgenstemning,103,0,103
sprsmdl,103,0,103
TPEA,103,0,103
rFDSN,103,0,103
sparsereg,103,0,103
ludic,103,0,103
fastLSU,103,0,103
RAP,103,0,103
fastLSU,103,0,103
QCSimulator,103,0,103
roughrf,103,0,103
TestingSimilarity,103,0,103
htree,103,0,103
StratifiedBalancing,103,0,103
phyreg,103,0,103
tipom,103,0,103
rsggm,103,0,103
sievetest,103,0,103
SNPMClust,103,0,103
prioritylasso,103,0,103
unfoldr,101,2,103
tangram,102,0,102
stripless,102,0,102
pAnalysis,102,0,102
qtlc,102,0,102
USGSstates2k,102,0,102
kzs,102,0,102
wtest,102,0,102
notifyme,102,0,102
parsec,102,0,102
StatPerMeCo,102,0,102
safi,102,0,102
mdftracks,102,0,102
sValues,102,0,102
simSummary,102,0,102
scientoText,102,0,102
oncomodel,102,0,102
stormwindmodel,102,0,102
survAWKMT2,102,0,102
stormwindmodel,102,0,102
RClone,102,0,102
rforensicbatwing,102,0,102
XHWE,102,0,102
SocialPosition,102,0,102
ssmsn,102,0,102
PreKnitPostHTMLRender,102,0,102
SCORER2,102,0,102
ssmsn,102,0,102
TotalCopheneticIndex,102,0,102
liteq,102,0,102
RNRCS,102,0,102
snpStatsWriter,102,0,102
MOEADr,102,0,102
SMCP,102,0,102
touch,102,0,102
skda,102,0,102
Rbent,102,0,102
wildpoker,102,0,102
trimTrees,101,1,102
vaersvax,15,87,102
preproviz,6,96,102
netcoh,101,0,101
sAIC,101,0,101
sExtinct,101,0,101
sfinx,101,0,101
Wmisc,101,0,101
OTRselect,101,0,101
TideTables,101,0,101
vottrans,101,0,101
subdetect,101,0,101
popKorn,101,0,101
prototest,101,0,101
rRAP,101,0,101
SeerMapperEast,101,0,101
statprograms,101,0,101
vhica,101,0,101
SRCS,101,0,101
microbats,101,0,101
RPCLR,101,0,101
l1kdeconv,101,0,101
selectapref,101,0,101
validateRS,101,0,101
traitr,101,0,101
survutils,101,0,101
triangulation,101,0,101
parboost,101,0,101
mvnpermute,101,0,101
spatialTailDep,100,0,100
tatoo,100,0,100
robustsae,100,0,100
gLRTH,100,0,100
SADEG,100,0,100
smoothAPC,100,0,100
robreg3S,100,0,100
switchrGist,100,0,100
SecKW,100,0,100
rt3,100,0,100
rt3,100,0,100
StagedChoiceSplineMix,100,0,100
LRTH,100,0,100
Rtwalk,100,0,100
SADISA,100,0,100
rwfec,100,0,100
Strategy,100,0,100
QuantileGradeR,100,0,100
kmcudaR,100,0,100
simLife,100,0,100
SALTSampler,100,0,100
nomogramEx,100,0,100
sclero,100,0,100
TLdating,100,0,100
tensorBF,100,0,100
tglm,100,0,100
signalHsmm,100,0,100
phenability,100,0,100
VARSEDIG,100,0,100
permGS,100,0,100
RandMeta,100,0,100
rapiclient,100,0,100
VWPre,100,0,100
pRSR,100,0,100
SeerMapper2010East,100,0,100
mro,100,0,100
Rdtq,100,0,100
vortexRdata,100,0,100
SensitivityCaseControl,100,0,100
optAUC,100,0,100
popRange,99,0,99
shades,99,0,99
ramidst,99,0,99
T2EQ,99,0,99
PdPDB,99,0,99
SOIL,99,0,99
pleio,99,0,99
sdef,99,0,99
SyncRNG,99,0,99
pseval,99,0,99
RSAP,99,0,99
sbfc,99,0,99
preprosim,99,0,99
sdtoolkit,99,0,99
seqtest,99,0,99
rtype,99,0,99
novelist,99,0,99
RConics,99,0,99
vbdm,99,0,99
qrmix,99,0,99
TeachNet,99,0,99
tailDepFun,99,0,99
RobAStRDA,98,0,98
pstest,98,0,98
tmg,98,0,98
thgenetics,98,0,98
polypoly,98,0,98
WaverR,98,0,98
titrationCurves,98,0,98
SALES,98,0,98
wikilake,98,0,98
prognosticROC,98,0,98
StrainRanking,98,0,98
UncerIn2,98,0,98
ems,98,0,98
uniqtag,98,0,98
sensory,98,0,98
mpr,98,0,98
webuse,98,0,98
scenario,98,0,98
midastouch,98,0,98
UBCRM,98,0,98
SafeBayes,98,0,98
sspline,98,0,98
SPAr,98,0,98
stilt,98,0,98
sEparaTe,98,0,98
LncFinder,98,0,98
PRIMME,98,0,98
scvxclustr,98,0,98
pla,98,0,98
NetWeaver,98,0,98
robustETM,98,0,98
loder,95,3,98
UCR.ColumnNames,97,0,97
MWLasso,97,0,97
PepSAVIms,97,0,97
UStatBookABSC,97,0,97
VertexSimilarity,97,0,97
Rfmtool,97,0,97
SPADAR,97,0,97
ltxsparklines,97,0,97
seismic,97,0,97
icdGLM,97,0,97
simplr,97,0,97
PBNPA,97,0,97
statquotes,97,0,97
sparc,97,0,97
sonar,97,0,97
quhomology,97,0,97
tmlenet,96,1,97
unix,83,14,97
didrooRFM,96,0,96
sigora,96,0,96
RankingProject,96,0,96
speccalt,96,0,96
qqvases,96,0,96
rtip,96,0,96
XRPython,96,0,96
MGGM,96,0,96
refset,96,0,96
pass,96,0,96
qdm,96,0,96
persiandictionary,96,0,96
varSel,96,0,96
pdSpecEst,96,0,96
tbdiag,95,0,95
pulsar,95,0,95
SeqMADE,95,0,95
miRada,95,0,95
tolBasis,95,0,95
ssmn,95,0,95
npcopTest,95,0,95
solarPos,95,0,95
snpRF,95,0,95
WCQ,95,0,95
pdmod,95,0,95
UNCLES,95,0,95
splithalf,95,0,95
paperplanes,95,0,95
sspse,95,0,95
weirs,95,0,95
fcm,94,0,94
ProliferativeIndex,94,0,94
sbart,94,0,94
ScoreGGUM,94,0,94
modygliani,94,0,94
modygliani,94,0,94
spftir,94,0,94
mod09nrt,94,0,94
TwoCop,94,0,94
SmartSifter,94,0,94
sicegar,94,0,94
RSarules,94,0,94
RVowpalWabbit,94,0,94
restfulr,89,5,94
RSSOP,93,0,93
tmpm,93,0,93
types,93,0,93
rgw,93,0,93
trifield,93,0,93
subgroup,93,0,93
rpn,93,0,93
rsdepth,93,0,93
sSDR,93,0,93
XRSCC,93,0,93
Rvoterdistance,93,0,93
SignifReg,93,0,93
MDSGUI,93,0,93
seqPERM,92,0,92
powerEQTL,92,0,92
smallarea,92,0,92
trueskill,92,0,92
CARrampsOcl,92,0,92
RRate,92,0,92
vrcp,92,0,92
SeerMapperWest,92,0,92
uiucthemes,92,0,92
severity,92,0,92
relabeLoadings,92,0,92
rtape,92,0,92
welchADF,91,0,91
SeerMapper2010Regs,91,0,91
swCRTdesign,91,0,91
stheoreme,91,0,91
pETM,91,0,91
strategicplayers,91,0,91
SeerMapperRegs,91,0,91
VIGoR,91,0,91
qtpaint,91,0,91
trotter,91,0,91
wpp2008,7,84,91
vaersNDvax,4,87,91
uniqueAtomMat,90,0,90
tigerhitteR,90,0,90
simpleSetup,90,0,90
SetTest,90,0,90
Rdsm,89,0,89
qtutils,89,0,89
vietnamcode,88,0,88
valottery,88,0,88
sdat,88,0,88
spinyReg,88,0,88
vocaldia,88,0,88
rhnerm,88,0,88
restrictedMVN,88,0,88
treeperm,87,0,87
spup,87,0,87
sparsestep,87,0,87
weco,86,0,86
stcov,86,0,86
stddiff,86,0,86
gamsel,85,0,85
timeit,85,0,85
tinsel,85,0,85
revgeo,85,0,85
valorate,85,0,85
bigGP,84,0,84
retistruct,84,0,84
regnet,83,0,83
ROI.plugin.alabama,82,0,82
survidm,80,0,80
micemd,80,0,80
ssh.utils,79,0,79
rocNIT,79,0,79
RPEXE.RPEXT,79,0,79
LAM,74,5,79
reportROC,78,0,78
STARTS,78,0,78
SnakeCharmR,78,0,78
tensorr,77,0,77
BayClone2,77,0,77
gcbd,77,0,77
lfl,76,0,76
P2C2M,75,0,75
vein,74,0,74
sotu,74,0,74
SeerMapper,74,0,74
RcppAPT,72,0,72
spectrino,71,0,71
its,19,51,70
medSTC,69,0,69
rcqp,66,3,69
exif,67,0,67
SpatialAcc,65,0,65
rsurfer,64,0,64
slimrec,63,0,63
limma,63,0,63
stratvns,62,0,62
lhmixr,58,0,58
GUIgems,55,0,55
wq,53,1,54
CommT,53,0,53
bigReg,53,0,53
solarius,52,0,52
Rip46,48,0,48
LZeroSpikeInference,46,0,46
nice,45,0,45
Rcoclust,45,0,45
ieeeround,43,0,43
bfork,42,0,42
vfcp,42,0,42
ncdf,24,18,42
walrus,41,0,41
uncmbb,41,0,41
RcppGetconf,39,0,39
biom,36,0,36
ROI.plugin.optimx,36,0,36
R4dfp,35,0,35
tsiR,32,0,32
sensitivitymult,32,0,32
rplexos,30,0,30
Geneland,30,0,30
ROI.plugin.msbinlp,30,0,30
Defaults,11,19,30
RHPCBenchmark,29,0,29
goftte,28,0,28
wildcard,28,0,28
UnivRNG,28,0,28
ROI.models.miplib,28,0,28
timelineR,27,0,27
genMOSSplus,27,0,27
sdcMicroGUI,25,0,25
RSQLite.extfuns,9,13,22
rmongodb,20,0,20
pmfdR,20,0,20
spider,20,0,20
pmg,17,2,19
laser,8,10,18
DiagTest3Grp,17,0,17
rscproxy,15,2,17
simglm,16,0,16
cold,16,0,16
intcox,15,0,15
popgraph,15,0,15
BerlinData,14,0,14
spatialkernel,14,0,14
QCA3,13,1,14
geocodeHERE,13,0,13
Xplortext,13,0,13
VPdtw,12,0,12
retrosheet,12,0,12
rtkpp,11,1,12
grid,11,0,11
hwriterPlus,11,0,11
alm,11,0,11
mra,11,0,11
gldist,10,0,10
GeneticTools,10,0,10
cslogistic,10,0,10
fastcox,10,0,10
StatMethRank,10,0,10
tscount,10,0,10
MAMA,9,0,9
eegAnalysis,9,0,9
DNAprofiles,9,0,9
EMMIXcontrasts,9,0,9
Rsundials,9,0,9
weightedKmeans,6,3,9
cosmosR,8,0,8
TDMR,8,0,8
PGRdup,8,0,8
pystr,8,0,8
PSM,8,0,8
dendextendRcpp,5,3,8
TShistQuote,4,4,8
sparsediscrim,7,0,7
RCryptsy,7,0,7
oblique.tree,7,0,7
kml3d,7,0,7
SpherWave,7,0,7
MaxentVariableSelection,7,0,7
polytomous,7,0,7
tlnise,6,1,7
TSxls,3,4,7
websockets,1,6,7
genpathmox,6,0,6
fheatmap,6,0,6
curlconverter,6,0,6
MCAPS,6,0,6
spsmooth,6,0,6
Rgraphviz,6,0,6
ggsubplot,6,0,6
nlrwr,6,0,6
basicspace,6,0,6
Ramd,6,0,6
BEANSP,6,0,6
TSgetSymbol,2,4,6
TSzip,2,4,6
wtcrsk,5,0,5
kinship,5,0,5
birch,5,0,5
RStars,5,0,5
stashR,5,0,5
spanr,5,0,5
rclinicaltrials,5,0,5
rnbn,5,0,5
RMendeley,5,0,5
MADAM,5,0,5
gstudio,5,0,5
PhyActBedRest,5,0,5
ngramr,5,0,5
multic,5,0,5
restorepoint,5,0,5
falsy,5,0,5
Statomica,5,0,5
lint,5,0,5
megaptera,5,0,5
rdoxygen,5,0,5
ComplexAnalysis,5,0,5
graph,4,1,5
igraph0,1,4,5
vacem,4,0,4
seem,4,0,4
dse1,4,0,4
Sabermetrics,4,0,4
Rmonkey,4,0,4
MortHump,4,0,4
bootTimeInference,4,0,4
setwidth,4,0,4
PVR,4,0,4
ocean,4,0,4
Quor,4,0,4
pvrank,4,0,4
skatMeta,4,0,4
stremo,4,0,4
stremo,4,0,4
RobustEM,4,0,4
rPlant,4,0,4
futile,3,0,3
ror,3,0,3
sspir,3,0,3
nmcdr,3,0,3
fitcoach,3,0,3
after,3,0,3
Shrinkage,3,0,3
trio,3,0,3
RLMM,3,0,3
rrules,3,0,3
CopyNumber450kCancer,3,0,3
muscle,3,0,3
glmmGS,3,0,3
nnclust,3,0,3
db.r,3,0,3
odesolve,3,0,3
bigrf,3,0,3
ecoretriever,3,0,3
qvalue,3,0,3
rcppbugs,3,0,3
gbs,3,0,3
latticist,2,1,3
NCBI2R,2,1,3
ie2miscdata,2,1,3
PACVB,2,0,2
multmod,2,0,2
xpose4classic,2,0,2
GeneralTree,2,0,2
statfi,2,0,2
milonga,2,0,2
xpose4data,2,0,2
NMMAPSlite,2,0,2
rgeospatialquality,2,0,2
gWidgetsWWW,2,0,2
gWidgetsWWW,2,0,2
phybase,2,0,2
survival4,2,0,2
testthatsomemore,2,0,2
xpose4generic,2,0,2
BADER,2,0,2
RTisean,2,0,2
Snowball,2,0,2
mvpart,2,0,2
Rstem,2,0,2
srd,2,0,2
MRIaggr,2,0,2
jit,2,0,2
stima,2,0,2
xlsReadWrite,2,0,2
cacheSweave,2,0,2
nomadlist,2,0,2
simPopulation,2,0,2
genefu,2,0,2
changeLOS,2,0,2
BradleyTerry,2,0,2
openNLPmodels.es,2,0,2
Difdtl,2,0,2
RBGL,1,1,2
randomSurvivalForest,1,0,1
OptiQuantR,1,0,1
sinartra,1,0,1
LatentREGpp,1,0,1
sinartra,1,0,1
int64,1,0,1
doSMP,1,0,1
helpr,1,0,1
opencpu.encode,1,0,1
CONOR,1,0,1
SDR,1,0,1
ghostr,1,0,1
mapDK,1,0,1
gdsfmt,1,0,1
SEHmodel,1,0,1
fUtilities,1,0,1
mapDK,1,0,1
dse2,1,0,1
CORREP,1,0,1
gmwm,1,0,1
DierckxSpline,1,0,1
fork,1,0,1
roxygen,1,0,1
fork,1,0,1
genderNames,1,0,1
imputation,1,0,1
muUtil,1,0,1
rwirelesscom,1,0,1
saps,1,0,1
CarbonEL,1,0,1
SDDA,1,0,1
SDDA,1,0,1
rrdf,1,0,1
RpgSQL,1,0,1
Devore6,1,0,1
impute,1,0,1
xpose4specific,1,0,1
openNLPmodels.en,1,0,1
AntAngiCool,1,0,1
TextRegression,1,0,1
mutatr,1,0,1
onlineCPD,1,0,1
ggplot,1,0,1
SAGx,1,0,1
EMDomics,1,0,1
rEHR,1,0,1
datafsm,1,0,1
smint,1,0,1
gregmisc,1,0,1
multicore,1,0,1
kinn,1,0,1
opencpu.demo,1,0,1
tcltk,1,0,1
kinn,1,0,1
splines,1,0,1
mouse4302,0,0,0
occugene,0,0,0
phastCons100way.UCSC.hg19,0,0,0
Rbowtie,0,0,0
mAPKL,0,0,0
npGSEA,0,0,0
flowDensity,0,0,0
GSALightning,0,0,0
LedPred,0,0,0
GraphAlignment,0,0,0
hgu133atagcdf,0,0,0
BSgenome.Mmusculus.UCSC.mm9,0,0,0
ChIPpeakAnno,0,0,0
blotter,0,0,0
nem,0,0,0
TxDb.Mmusculus.UCSC.mm9.knownGene,0,0,0
org.Dr.eg.db,0,0,0
pd.mapping250k.sty,0,0,0
PSEA,0,0,0
RAmazonS3,0,0,0
RGraph2js,0,0,0
TCGAbiolinks,0,0,0
VegaMC,0,0,0
XtraSNPlocs,0,0,0
IVAS,0,0,0
msqc1,0,0,0
usethis,0,0,0
nem,0,0,0
hugene10sttranscriptcluster,0,0,0
hom.Rn.inp.db,0,0,0
org.Dr.eg.db,0,0,0
pd.mapping250k.sty,0,0,0
PSEA,0,0,0
IVAS,0,0,0
msqc1,0,0,0
OperaMate,0,0,0
UNDO,0,0,0
diffloopdata,0,0,0
fEcofin,0,0,0
geoChina,0,0,0
FlowRepositoryR,0,0,0
gaga,0,0,0
bacon,0,0,0
ArrayExpressHTS,0,0,0
annotate,0,0,0
Achilles,0,0,0
seqc,0,0,0
metagenomeSeq,0,0,0
org.Sc.sgd.db,0,0,0
pnf,0,0,0
plasmodiumanophelescdf,0,0,0
syskern,0,0,0
HEM,0,0,0
minfiData,0,0,0
OmicCircos,0,0,0
canceR,0,0,0
SNPlocs.Hsapiens.dbSNP142.GRCh37,0,0,0
canceR,0,0,0
cummeRbund,0,0,0
CRISPRseek,0,0,0
deltaGseg,0,0,0
genomewidesnp6Crlmm,0,0,0
rport,0,0,0
mgug4104a.db,0,0,0
BufferedMatrix,0,0,0
CONFESS,0,0,0
ccleWrap,0,0,0
CoCiteStats,0,0,0
clustComp,0,0,0
hapmap100kxba,0,0,0
exomePeak,0,0,0
EBSeq,0,0,0
rport,0,0,0
rHVDM,0,0,0
ROntoTools,0,0,0
triplex,0,0,0
Nozzle,0,0,0
PECA,0,0,0
poirot,0,0,0
rHVDM,0,0,0
ROntoTools,0,0,0
ccleWrap,0,0,0
garfield,0,0,0
Illumina450ProbeVariants.db,0,0,0
r3Cseq,0,0,0
RforProteomics,0,0,0
SLqPCR,0,0,0
vtpnet,0,0,0
alr,0,0,0
PSEA,0,0,0
RAmazonS3,0,0,0
RGraph2js,0,0,0
TCGAbiolinks,0,0,0
VegaMC,0,0,0
Affyhgu133Plus2Expr,0,0,0
blotter,0,0,0
HEM,0,0,0
bvbiome,0,0,0
charmData,0,0,0
CoCiteStats,0,0,0
clustComp,0,0,0
mouse4302,0,0,0
occugene,0,0,0
phastCons100way.UCSC.hg19,0,0,0
Rbowtie,0,0,0
serumStimulation,0,0,0
stats,0,0,0
VariantTools,0,0,0
CoCiteStats,0,0,0
flowDensity,0,0,0
GSALightning,0,0,0
LedPred,0,0,0
maanova,0,0,0
DeconRNASeq,0,0,0
eiR,0,0,0
shinyMethyl,0,0,0
eiR,0,0,0
flowDensity,0,0,0
shinyMethyl,0,0,0
soGGi,0,0,0
clustComp,0,0,0
pasilla,0,0,0
hapmap100kxba,0,0,0
hurricaneexposuredata,0,0,0
massiR,0,0,0
metagenomeSeq,0,0,0
RGraph2js,0,0,0
TCGAbiolinks,0,0,0
VegaMC,0,0,0
rexcel,0,0,0
usethis,0,0,0
genomewidesnp6Crlmm,0,0,0
emo,0,0,0
flipflop,0,0,0
garfield,0,0,0
Illumina450ProbeVariants.db,0,0,0
poirot,0,0,0
rHVDM,0,0,0
ROntoTools,0,0,0
triplex,0,0,0
r3Cseq,0,0,0
RforProteomics,0,0,0
rstudio,0,0,0
SimBindProfiles,0,0,0
shinyapps,0,0,0
UNDO,0,0,0
motifStack,0,0,0
sergeant,0,0,0
seleniumJars,0,0,0
MultiDataSet,0,0,0
RGalaxy,0,0,0
miRBaseVersions,0,0,0
PICS,0,0,0
quantsmooth,0,0,0
FunciSNP,0,0,0
faahKO,0,0,0
ComplexHeatmap,0,0,0
gcspikelite,0,0,0
faahKO,0,0,0
GSReg,0,0,0
flowVS,0,0,0
org.At.tair.db,0,0,0
cogena,0,0,0
pd.hg.u95av2,0,0,0
rdom,0,0,0
synapterdata,0,0,0
metaArray,0,0,0
DEGseq,0,0,0
editR,0,0,0
missMethyl,0,0,0
MSnID,0,0,0
ProCoNA,0,0,0
GRENITS,0,0,0
synapterdata,0,0,0
sergeant,0,0,0
seleniumJars,0,0,0
flowCL,0,0,0
colonCA,0,0,0
affycoretools,0,0,0
LAM-MPI,0,0,0
SNPlocs.Hsapiens.dbSNP.20120608,0,0,0
sandboxR,0,0,0
biosvd,0,0,0
omdbapi,0,0,0
kmndirs,0,0,0
maSigPro,0,0,0
nudge,0,0,0
AffyTiling,0,0,0
hopach,0,0,0
MMDiffBamSubset,0,0,0
org.Mm.eg.db,0,0,0
pmm,0,0,0
rgurobi,0,0,0
TxDb.Hsapiens.UCSC.hg18.knownGene,0,0,0
synapterdata,0,0,0
breastCancerTRANSBIG,0,0,0
simulatorZ,0,0,0
hopach,0,0,0
Vennerable,0,0,0
MMDiffBamSubset,0,0,0
AffyTiling,0,0,0
colonCA,0,0,0
SigCheck,0,0,0
Starr,0,0,0
CausalR,0,0,0
BiocCloud,0,0,0
FunciSNP,0,0,0
GOTHiC,0,0,0
faahKO,0,0,0
flowVS,0,0,0
gcspikelite,0,0,0
RBerkeley,0,0,0
segmentSeq,0,0,0
SISPA,0,0,0
metaMSdata,0,0,0
notifier,0,0,0
breastCancerTRANSBIG,0,0,0
segmentSeq,0,0,0
SISPA,0,0,0
medley,0,0,0
plgem,0,0,0
prompt,0,0,0
ExperimentHubData,0,0,0
states2k,0,0,0
SVM2CRMdata,0,0,0
LowMACA,0,0,0
LowMACA,0,0,0
minpack,0,0,0
sergeant,0,0,0
hyperdraw,0,0,0
inveRsion,0,0,0
motifStack,0,0,0
FDb.InfiniumMethylation.hg19,0,0,0
seleniumJars,0,0,0
airway,0,0,0
drosophila2probe,0,0,0
PICS,0,0,0
quantsmooth,0,0,0
segmentSeq,0,0,0
SISPA,0,0,0
states2k,0,0,0
SVM2CRMdata,0,0,0
flowPeaks,0,0,0
EDDA,0,0,0
finstr,0,0,0
antiProfiles,0,0,0
kmndirs,0,0,0
maSigPro,0,0,0
MMDiffBamSubset,0,0,0
BiocCloud,0,0,0
diffGeneAnalysis,0,0,0
webdriver,0,0,0
googledrive,0,0,0
phenoTest,0,0,0
rpx,0,0,0
ChemmineDrugs,0,0,0
REcharts3,0,0,0
methVisual,0,0,0
adSplit,0,0,0
cran.stats,0,0,0
ggtree,0,0,0
codelink,0,0,0
MeSH,0,0,0
RTCGA.methylation,0,0,0
MLInterfaces,0,0,0
GraphPAC,0,0,0
flowPeaks,0,0,0
ggtree,0,0,0
TargetSearchData,0,0,0
XMLSchema,0,0,0
MSGFplus,0,0,0
openfda,0,0,0
EDDA,0,0,0
SCAN.UPC,0,0,0
finstr,0,0,0
GraphPAC,0,0,0
openfda,0,0,0
pipelearner,0,0,0
ComplexHeatmap,0,0,0
cogena,0,0,0
DiffBind,0,0,0
fSeries,0,0,0
DESeq,0,0,0
GeneExpressionSignature,0,0,0
ElastH,0,0,0
flowFP,0,0,0
BSgenome.Hsapiens.NCBI.GRCh38,0,0,0
SLGI,0,0,0
pwOmics,0,0,0
RareVariantVis,0,0,0
recordr,0,0,0
multiscan,0,0,0
nondetects,0,0,0
pd,0,0,0
categoryCompare,0,0,0
scde,0,0,0
fishplot,0,0,0
GGBase,0,0,0
grDevices,0,0,0
HiCDataHumanIMR90,0,0,0
ppiData,0,0,0
MultiMed,0,0,0
RDataTracker,0,0,0
miRNAtap.db,0,0,0
QUBICdata,0,0,0
BSgenome.Scerevisiae.UCSC.sacCer3,0,0,0
ggradar,0,0,0
IlluminaHumanMethylation450kmanifest,0,0,0
eudysbiome,0,0,0
gespeR,0,0,0
a4Preproc,0,0,0
sva,0,0,0
mBPCR,0,0,0
MIMOSA,0,0,0
OLIN,0,0,0
phyext,0,0,0
fundManageR,0,0,0
mBPCR,0,0,0
MIMOSA,0,0,0
sva,0,0,0
OLIN,0,0,0
phyext,0,0,0
RRedsvd,0,0,0
human610quadv1bCrlmm,0,0,0
lme4.0,0,0,0
myvariant,0,0,0
oposSOM,0,0,0
SIFT,0,0,0
dks,0,0,0
topGO,0,0,0
iontree,0,0,0
GSCA,0,0,0
graphics,0,0,0
hgu133plus2hsentrezg.db,0,0,0
miRNAtap.db,0,0,0
choroplethrZip,0,0,0
CopywriteR,0,0,0
datacamp,0,0,0
CINdex,0,0,0
CNVPanelizer,0,0,0
clst,0,0,0
OLIN,0,0,0
phyext,0,0,0
myvariant,0,0,0
NTW,0,0,0
rateratio,0,0,0
SomatiCAData,0,0,0
yeastNagalakshmi,0,0,0
iontree,0,0,0
consensusSeekeR,0,0,0
d3treeR,0,0,0
MultiMed,0,0,0
miRNAtap.db,0,0,0
fundManageR,0,0,0
human610quadv1bCrlmm,0,0,0
Homo,0,0,0
yeastNagalakshmi,0,0,0
r2pmml,0,0,0
lumiBarnes,0,0,0
CNAnorm,0,0,0
ddCt,0,0,0
a4Preproc,0,0,0
preprocessCore,0,0,0
RmiR.Hs.miRNA,0,0,0
sapFinder,0,0,0
SNPRelate,0,0,0
CINdex,0,0,0
DynDoc,0,0,0
sizepower,0,0,0
derfinder,0,0,0
FANTOM3and4CAGE,0,0,0
viper,0,0,0
pcaGoPromoter,0,0,0
CNVPanelizer,0,0,0
tabulizerjars,0,0,0
flowAI,0,0,0
lme4.0,0,0,0
myvariant,0,0,0
NTW,0,0,0
JunctionSeq,0,0,0
org.MeSH.Aca.db,0,0,0
oposSOM,0,0,0
BrowserVizDemo,0,0,0
AnnotationHubServer,0,0,0
ALLMLL,0,0,0
affy,0,0,0
org.MeSH.Aca.db,0,0,0
PSICQUIC,0,0,0
oposSOM,0,0,0
consensusSeekeR,0,0,0
categoryCompare,0,0,0
d3treeR,0,0,0
DiffBind,0,0,0
iontree,0,0,0
fSeries,0,0,0
DESeq,0,0,0
RDataTracker,0,0,0
MultiMed,0,0,0
QUBICdata,0,0,0
RNAseqData,0,0,0
shinyTANDEM,0,0,0
miRNAtap.db,0,0,0
fSeries,0,0,0
iontree,0,0,0
GeneExpressionSignature,0,0,0
ElastH,0,0,0
SSPA,0,0,0
miRNAtap.db,0,0,0
QUBICdata,0,0,0
RNAseqData,0,0,0
genoCN,0,0,0
Harman,0,0,0
ArrayTV,0,0,0
CompGO,0,0,0
GenomicAlignments,0,0,0
KEGGdzPathwaysGEO,0,0,0
argufy,0,0,0
AnnotationDbi,0,0,0
TxDb.Rnorvegicus.UCSC.rn4.ensGene,0,0,0
RMassBankData,0,0,0
pool,0,0,0
RedeR,0,0,0
geneRxCluster,0,0,0
gmapR,0,0,0
BSgenome.Mmusculus.UCSC.mm9.masked,0,0,0
hugene10sttranscriptcluster.db,0,0,0
pool,0,0,0
RedeR,0,0,0
gdeltr2,0,0,0
girafe,0,0,0
hom.Sc.inp.db,0,0,0
AWR.jars,0,0,0
JSTORr,0,0,0
metabomxtr,0,0,0
stjudem,0,0,0
TCGAMethylation450k,0,0,0
affyILM,0,0,0
stjudem,0,0,0
TCGAMethylation450k,0,0,0
XtraSNPlocs.Hsapiens.dbSNP141.GRCh38,0,0,0
mdqc,0,0,0
mitoODE,0,0,0
operator,0,0,0
RExcelInstaller,0,0,0
STAN,0,0,0
argufy,0,0,0
BiocParallel,0,0,0
gage,0,0,0
hapmapsnp5,0,0,0
MassSpecWavelet,0,0,0
namedata,0,0,0
bsseqData,0,0,0
TSSi,0,0,0
PFAM.db,0,0,0
qcmetrics,0,0,0
SPIA,0,0,0
dupRadar,0,0,0
bsseqData,0,0,0
hapmapsnp5,0,0,0
MassSpecWavelet,0,0,0
sincell,0,0,0
metahdep,0,0,0
syslibGTK,0,0,0
vadr,0,0,0
SNPlocs.Hsapiens.dbSNP144.GRCh37,0,0,0
white,0,0,0
SNPlocs.Hsapiens.dbSNP144.GRCh37,0,0,0
white,0,0,0
biovizBase,0,0,0
cancerclass,0,0,0
EBSeqHMM,0,0,0
FGNet,0,0,0
CopyhelpeR,0,0,0
data,0,0,0
mouse4302.db,0,0,0
qpcrNorm,0,0,0
GenomicAlignments,0,0,0
cancerclass,0,0,0
CopyhelpeR,0,0,0
splicegear,0,0,0
BufferedMatrixMethods,0,0,0
RBioinf,0,0,0
seqplots,0,0,0
KEGGdzPathwaysGEO,0,0,0
bgx,0,0,0
MVCClass,0,0,0
splicegear,0,0,0
KEGGdzPathwaysGEO,0,0,0
explorase,0,0,0
ggplot2bdc,0,0,0
hiReadsProcessor,0,0,0
IlluminaDataTestFiles,0,0,0
DNABarcodes,0,0,0
CNTools,0,0,0
spacemakeR,0,0,0
XDE,0,0,0
ggplot2bdc,0,0,0
CNTools,0,0,0
NetSAM,0,0,0
Clonality,0,0,0
iBBiG,0,0,0
loggr,0,0,0
maxygen,0,0,0
HTShape,0,0,0
kimod,0,0,0
MAQCsubsetAFX,0,0,0
ggplot2bdc,0,0,0
CNTools,0,0,0
hiReadsProcessor,0,0,0
IlluminaDataTestFiles,0,0,0
Clonality,0,0,0
hgfocus,0,0,0
lapmix,0,0,0
eisa,0,0,0
affyILM,0,0,0
DBChIP,0,0,0
Rlibstree,0,0,0
mAPKLData,0,0,0
RUVnormalize,0,0,0
stats4,0,0,0
leeBamViews,0,0,0
eisa,0,0,0
shinyMethylData,0,0,0
artyfarty,0,0,0
mirna10cdf,0,0,0
datasets,0,0,0
rHighcharts,0,0,0
plateCore,0,0,0
Rnits,0,0,0
BSgenome.Celegans.UCSC.ce2,0,0,0
argufy,0,0,0
BiocParallel,0,0,0
AnnotationDbi,0,0,0
loggr,0,0,0
maxygen,0,0,0
iBBiG,0,0,0
maxygen,0,0,0
RIPSeeker,0,0,0
HTShape,0,0,0
kimod,0,0,0
MAQCsubsetAFX,0,0,0
BSgenome.Celegans.UCSC.ce2,0,0,0
RTCGA.RPPA,0,0,0
stephStyle,0,0,0
ImmuneSpaceR,0,0,0
cellHTS2,0,0,0
stephStyle,0,0,0
ImmuneSpaceR,0,0,0
DBChIP,0,0,0
gage,0,0,0
idiogram,0,0,0
FunciSNP.data,0,0,0
survnnet,0,0,0
goTools,0,0,0
TxDb.Hsapiens.UCSC.hg19.knownGene,0,0,0
EnsDb,0,0,0
MeasurementError.cor,0,0,0
nlcv,0,0,0
BUS,0,0,0
FDb.UCSC.tRNAs,0,0,0
DO,0,0,0
flowClean,0,0,0
BatchQC,0,0,0
puma,0,0,0
ropls,0,0,0
visdat,0,0,0
EnsDb,0,0,0
GSRI,0,0,0
hom,0,0,0
org.Bt.eg.db,0,0,0
pd.hg18.60mer.expr,0,0,0
flowWorkspace,0,0,0
Rsocp,0,0,0
openWAR,0,0,0
BatchQC,0,0,0
lambda,0,0,0
omicade4,0,0,0
lambda,0,0,0
seq2pathway.data,0,0,0
BatchQC,0,0,0
maskBAD,0,0,0
MAIT,0,0,0
gtexAdipl,0,0,0
Mus,0,0,0
org.Mmu.eg.db,0,0,0
rtracklayer,0,0,0
seq2pathway.data,0,0,0
gtexAdipl,0,0,0
MAIT,0,0,0
Mus,0,0,0
org.Mmu.eg.db,0,0,0
rtracklayer,0,0,0
flagme,0,0,0
MeasurementError.cor,0,0,0
STARSEQ,0,0,0
nlcv,0,0,0
MCRestimate,0,0,0
newsflash,0,0,0
breastCancerUNT,0,0,0
birte,0,0,0
chromPlot,0,0,0
SuperCurve,0,0,0
genomeIntervals,0,0,0
cghMCR,0,0,0
BGmix,0,0,0
kebabs,0,0,0
pcaMethods,0,0,0
Prostar,0,0,0
RCy3,0,0,0
genomeIntervals,0,0,0
SuperCurve,0,0,0
chromPlot,0,0,0
mgsa,0,0,0
AmpAffyExample,0,0,0
BGmix,0,0,0
cghMCR,0,0,0
NetPathMiner,0,0,0
widgetTools,0,0,0
survnnet,0,0,0
TxDb.Hsapiens.UCSC.hg19.knownGene,0,0,0
slipper,0,0,0
Rsocp,0,0,0
ChemmineOB,0,0,0
CNORfeeder,0,0,0
GOFunction,0,0,0
BUS,0,0,0
dirdf,0,0,0
DFP,0,0,0
CexoR,0,0,0
lambda,0,0,0
minfi,0,0,0
omicade4,0,0,0
maskBAD,0,0,0
MAIT,0,0,0
Mus,0,0,0
org.Mmu.eg.db,0,0,0
HiTC,0,0,0
illuminaHumanv3.db,0,0,0
meme,0,0,0
or,0,0,0
pcaMethods,0,0,0
Prostar,0,0,0
contiBAIT,0,0,0
hgu133a2.db,0,0,0
isomiRs,0,0,0
miRBaseVersions.db,0,0,0
LowMACAAnnotation,0,0,0
diffHic,0,0,0
crandalf,0,0,0
ELBOW,0,0,0
DAVIDQuery,0,0,0
AmpAffyExample,0,0,0
rlogging,0,0,0
contiBAIT,0,0,0
SNAGEE,0,0,0
ChemmineOB,0,0,0
SNAGEE,0,0,0
iASeq,0,0,0
iPAC,0,0,0
contiBAIT,0,0,0
INPower,0,0,0
ChemmineOB,0,0,0
RTCGA.miRNASeq,0,0,0
SparkRext,0,0,0
vbmp,0,0,0
gcatest,0,0,0
pepStat,0,0,0
SparkRext,0,0,0
vbmp,0,0,0
MeSH.Aca.eg.db,0,0,0
RTCGA.miRNASeq,0,0,0
MCRestimate,0,0,0
newsflash,0,0,0
RnaSeqSampleSize,0,0,0
BaseSpaceR,0,0,0
TxDb,0,0,0
EasyqpcR,0,0,0
TxDb,0,0,0
goseq,0,0,0
HDTD,0,0,0
label,0,0,0
rcdimple,0,0,0
sfit,0,0,0
AnnotationHubServer.version0,0,0,0
DTA,0,0,0
EnrichedHeatmap,0,0,0
EnrichedHeatmap,0,0,0
rpanama,0,0,0
MafDb.ALL.wgs.phase1.release.v3.20101123,0,0,0
messina,0,0,0
none,0,0,0
pd.atdschip.tiling,0,0,0
SomaticCancerAlterations,0,0,0
USAboundariesData,0,0,0
COSNet,0,0,0
msmsEDA,0,0,0
COSNet,0,0,0
edgeR,0,0,0
msmsEDA,0,0,0
SomaticCancerAlterations,0,0,0
ggbash,0,0,0
GREA,0,0,0
HiCDataLymphoblast,0,0,0
USAboundariesData,0,0,0
pcaGoPromoter.Hs.hg19,0,0,0
piano,0,0,0
OLINgui,0,0,0
SamSPECTRAL,0,0,0
SNPlocs,0,0,0
humanCHRLOC,0,0,0
interactiveDisplay,0,0,0
marray,0,0,0
MonetDB,0,0,0
mzID,0,0,0
redshift,0,0,0
ChIPXpress,0,0,0
MonetDB,0,0,0
mzID,0,0,0
TSpadi,0,0,0
redshift,0,0,0
github,0,0,0
Homo.sapiens,0,0,0
licorice,0,0,0
org.MeSH.Atu.K84.db,0,0,0
RDRToolbox,0,0,0
RGSEA,0,0,0
affypdnn,0,0,0
ggfittext,0,0,0
hierGWAS,0,0,0
SIFT.Hsapiens.dbSNP132,0,0,0
staRank,0,0,0
synlet,0,0,0
pcaGoPromoter.Hs.hg19,0,0,0
scsR,0,0,0
ontoCAT,0,0,0
piano,0,0,0
pbcmc,0,0,0
safe,0,0,0
spoccutils,0,0,0
TSCAN,0,0,0
RTCA,0,0,0
targetscan.Mm.eg.db,0,0,0
rSFFreader,0,0,0
shinytest,0,0,0
a4Reporting,0,0,0
coMET,0,0,0
yeastRNASeq,0,0,0
randomForestCI,0,0,0
lumiHumanAll,0,0,0
pRoloc,0,0,0
sigPathway,0,0,0
sRAP,0,0,0
a4Reporting,0,0,0
ARRmData,0,0,0
OLINgui,0,0,0
ensemblVEP,0,0,0
DMRcaller,0,0,0
expectile,0,0,0
lumiHumanAll,0,0,0
sRAP,0,0,0
nethet,0,0,0
ARRmData,0,0,0
frma,0,0,0
Gviz,0,0,0
flowBeads,0,0,0
gatingMLData,0,0,0
COSNet,0,0,0
edgeR,0,0,0
coMET,0,0,0
CNVrd2,0,0,0
clstutils,0,0,0
chroGPS,0,0,0
splineTimeR,0,0,0
Biobase,0,0,0
trump,0,0,0
Gviz,0,0,0
h5vcData,0,0,0
IMPCdata,0,0,0
MafDb.ALL.wgs.phase1.release.v3.20101123,0,0,0
messina,0,0,0
none,0,0,0
ggbash,0,0,0
GREA,0,0,0
HiCDataLymphoblast,0,0,0
msmsEDA,0,0,0
chroGPS,0,0,0
chroGPS,0,0,0
dwtools,0,0,0
GenoGAM,0,0,0
DMRcaller,0,0,0
expectile,0,0,0
ganalytics,0,0,0
clippda,0,0,0
RbcBook1,0,0,0
SeqGSEA,0,0,0
SpikeIn,0,0,0
networkBMA,0,0,0
ontoCAT,0,0,0
clstutils,0,0,0
Cormotif,0,0,0
BgeeDB,0,0,0
HarmanData,0,0,0
gprege,0,0,0
Rcade,0,0,0
RLLVMCompile,0,0,0
safe,0,0,0
OTUbase,0,0,0
pepDat,0,0,0
flowMap,0,0,0
MergeMaid,0,0,0
RTCA,0,0,0
BEAT,0,0,0
targetscan.Mm.eg.db,0,0,0
PCHiCdata,0,0,0
RDAVIDWebService,0,0,0
geuvPack,0,0,0
RTCA,0,0,0
shinytest,0,0,0
lqs,0,0,0
miRNATarget,0,0,0
opencpu.server,0,0,0
pint,0,0,0
RNAseqData.HNRNPC.bam.chr14,0,0,0
rSFFreader,0,0,0
GenoGAM,0,0,0
HarmanData,0,0,0
ensemblVEP,0,0,0
cMap2data,0,0,0
a4Reporting,0,0,0
cv.ts,0,0,0
brassicaData,0,0,0
cancerdata,0,0,0
copynumber,0,0,0
arrayMvout,0,0,0
ANTsR,0,0,0
functionMap,0,0,0
oligo,0,0,0
rMAT,0,0,0
PREDA,0,0,0
rCharts,0,0,0
SNPchip,0,0,0
BioQC,0,0,0
EBcoexpress,0,0,0
tximport,0,0,0
COPDSexualDimorphism,0,0,0
GeneSelectMMD,0,0,0
GeneSelectMMD,0,0,0
rat2302,0,0,0
BSgenome.Rnorvegicus.UCSC.rn4,0,0,0
SPEM,0,0,0
ChIPseeker,0,0,0
factDesign,0,0,0
org.EcSakai.eg.db,0,0,0
pd.mapping50k.xba240,0,0,0
RGraphM,0,0,0
MSstats,0,0,0
MSstats,0,0,0
nifffty,0,0,0
mitoODEdata,0,0,0
AnnotationForge,0,0,0
Acinonyx,0,0,0
BiocStyle,0,0,0
beadarraySNP,0,0,0
DSTrading,0,0,0
cranvas,0,0,0
COSMIC.67,0,0,0
INSPEcT,0,0,0
immunoClust,0,0,0
lfa,0,0,0
gageData,0,0,0
iterativeBMAsurv,0,0,0
cancerdata,0,0,0
tigre,0,0,0
Risa,0,0,0
sleuth,0,0,0
specL,0,0,0
yeast2,0,0,0
Rdym,0,0,0
Rhipe,0,0,0
bfastSpatial,0,0,0
GLAD,0,0,0
MUGAExampleData,0,0,0
Rnlminb2,0,0,0
vaers,0,0,0
groHMM,0,0,0
highlite,0,0,0
highlite,0,0,0
lookup,0,0,0
here,0,0,0
cancerdata,0,0,0
copynumber,0,0,0
SNPchip,0,0,0
tximport,0,0,0
WES,0,0,0
SPEM,0,0,0
GenomicDataCommons,0,0,0
BiocStyle,0,0,0
beadarraySNP,0,0,0
AGDEX,0,0,0
intRo,0,0,0
rBiopaxParser,0,0,0
a4,0,0,0
Rkoans,0,0,0
s3mpi,0,0,0
spliceR,0,0,0
KEGGgraph,0,0,0
s3mpi,0,0,0
spliceR,0,0,0
randPack,0,0,0
TRONCO,0,0,0
rCrimemap,0,0,0
rfPred,0,0,0
SpacePAC,0,0,0
rsbml,0,0,0
intRo,0,0,0
KEGGgraph,0,0,0
Icens,0,0,0
clonotypeR,0,0,0
oligo,0,0,0
mygene,0,0,0
mitoODEdata,0,0,0
MSstats,0,0,0
nifffty,0,0,0
AnnotationForge,0,0,0
Acinonyx,0,0,0
qpgraph,0,0,0
NuPoP,0,0,0
PADOG,0,0,0
pforeach,0,0,0
RefPlus,0,0,0
cv.ts,0,0,0
bfastSpatial,0,0,0
org.TguttataTestingSubset.eg.db,0,0,0
Rdym,0,0,0
MUGAExampleData,0,0,0
lookup,0,0,0
rdat,0,0,0
transcriptR,0,0,0
lpsymphony,0,0,0
miRNAmeConverter,0,0,0
msd16s,0,0,0
PasillaTranscriptExpr,0,0,0
RNAither,0,0,0
cycle,0,0,0
GenomicDataCommons,0,0,0
GOexpress,0,0,0
lookup,0,0,0
RpsiXML,0,0,0
tidycensus,0,0,0
RUVnormalizeData,0,0,0
strict,0,0,0
ternarynet,0,0,0
rdat,0,0,0
transcriptR,0,0,0
RNAither,0,0,0
EBcoexpress,0,0,0
GenomicDataCommons,0,0,0
GOexpress,0,0,0
DRIMSeq,0,0,0
emoGG,0,0,0
gurobi,0,0,0
DNAcopy,0,0,0
hgfocus.db,0,0,0
conumee,0,0,0
tigre,0,0,0
BSgenome.Dmelanogaster.UCSC.dm3,0,0,0
PWMEnrich,0,0,0
BSgenome.Dmelanogaster.UCSC.dm3,0,0,0
INSPEcT,0,0,0
DSTrading,0,0,0
lfa,0,0,0
MeSH.Syn.eg.db,0,0,0
cranvas,0,0,0
stepNorm,0,0,0
immunoClust,0,0,0
iterativeBMAsurv,0,0,0
rethinking,0,0,0
RSkittleBrewer,0,0,0
coGPS,0,0,0
BBCAnalyzer,0,0,0
BrainStars,0,0,0
fstrings,0,0,0
GoogleGenomics,0,0,0
geneLenDataBase,0,0,0
GlobalAncova,0,0,0
flowQ,0,0,0
M3D,0,0,0
multidplyr,0,0,0
miRcomp,0,0,0
anomalous,0,0,0
AffyExpress,0,0,0
serialize,0,0,0
splots,0,0,0
BiocGenerics,0,0,0
pumadata,0,0,0
SELEX,0,0,0
org.Ce.eg.db,0,0,0
pd.huex.1.0.st.v2,0,0,0
Rdonlp2,0,0,0
ggcounty,0,0,0
greta,0,0,0
msProcess,0,0,0
openWARData,0,0,0
pkgRecommendations,0,0,0
and,0,0,0
BSgenome.Mmusculus.UCSC.mm10,0,0,0
beyonce,0,0,0
makecdfenv,0,0,0
Mus.musculus,0,0,0
BrainStars,0,0,0
org.Pf.plasmo.db,0,0,0
pdmclass,0,0,0
Rtraining,0,0,0
ldblock,0,0,0
rsqlserver,0,0,0
SigFuge,0,0,0
SigFuge,0,0,0
ExiMiR,0,0,0
rcellminerData,0,0,0
maftools,0,0,0
org.Ce.eg.db,0,0,0
pd.huex.1.0.st.v2,0,0,0
Rdonlp2,0,0,0
msProcess,0,0,0
openWARData,0,0,0
pkgRecommendations,0,0,0
plier,0,0,0
roar,0,0,0
tracestack,0,0,0
ggparliament,0,0,0
JctSeqData,0,0,0
LungCancerACvsSCCGEO,0,0,0
CNORfuzzy,0,0,0
BayesianFirstAid,0,0,0
widyr,0,0,0
iSeq,0,0,0
widyr,0,0,0
CoRegNet,0,0,0
dataframe,0,0,0
makecdfenv,0,0,0
Mus.musculus,0,0,0
org.Pf.plasmo.db,0,0,0
pdmclass,0,0,0
ldblock,0,0,0
BiocGenerics,0,0,0
butler,0,0,0
ldblock,0,0,0
BiocGenerics,0,0,0
butler,0,0,0
cobindR,0,0,0
serialize,0,0,0
splots,0,0,0
cytofkit,0,0,0
SELEX,0,0,0
TEQC,0,0,0
farms,0,0,0
plrs,0,0,0
hgug4112a,0,0,0
ITALICSData,0,0,0
Path2PPI,0,0,0
ExiMiR,0,0,0
BiocGenerics,0,0,0
butler,0,0,0
serialize,0,0,0
splots,0,0,0
pumadata,0,0,0
SELEX,0,0,0
TEQC,0,0,0
prot2D,0,0,0
RCyjs,0,0,0
tamper,0,0,0
variancePartition,0,0,0
quantstrat,0,0,0
SBMLR,0,0,0
ssize,0,0,0
SWATH2stats,0,0,0
ballgown,0,0,0
Seurat,0,0,0
SNAGEEdata,0,0,0
spotSegmentation,0,0,0
dada2,0,0,0
fstrings,0,0,0
GoogleGenomics,0,0,0
ROTS,0,0,0
geneLenDataBase,0,0,0
GlobalAncova,0,0,0
OutlierD,0,0,0
polyester,0,0,0
ROTS,0,0,0
geneLenDataBase,0,0,0
GlobalAncova,0,0,0
pcot2,0,0,0
plrs,0,0,0
rae230a,0,0,0
RTCGA.mRNA,0,0,0
simpIntLists,0,0,0
RTCGA.mRNA,0,0,0
shinyURL,0,0,0
Sxslt,0,0,0
FIs,0,0,0
hgug4112a,0,0,0
Path2PPI,0,0,0
RnaSeqSampleSizeData,0,0,0
limer,0,0,0
JctSeqData,0,0,0
LungCancerACvsSCCGEO,0,0,0
and,0,0,0
ASSIGN,0,0,0
frmaExampleData,0,0,0
GenomicRanges,0,0,0
ExpressionAtlas,0,0,0
flowBin,0,0,0
gaucho,0,0,0
get,0,0,0
TxDb.Athaliana.BioMart.plantsmart22,0,0,0
Rmagpie,0,0,0
TxDb.Athaliana.BioMart.plantsmart22,0,0,0
BSgenome.Hsapiens.UCSC.hg18.masked,0,0,0
compiler,0,0,0
mogene10sttranscriptcluster,0,0,0
Rariant,0,0,0
MafDb.ESP6500SI.V2.SSA137,0,0,0
pd.genomewidesnp.5,0,0,0
rain,0,0,0
stepwiseCM,0,0,0
baySeq,0,0,0
MinimumDistance,0,0,0
OncoScore,0,0,0
phyloseq,0,0,0
CNEr,0,0,0
clipper,0,0,0
annotationTools,0,0,0
AffyCompatible,0,0,0
SNPlocs.Hsapiens.dbSNP.20100427,0,0,0
SEPA,0,0,0
SMAP,0,0,0
MineICA,0,0,0
predictionet,0,0,0
interactiveDisplayBase,0,0,0
SMAP,0,0,0
mzR,0,0,0
tspair,0,0,0
nucleoSim,0,0,0
SEPA,0,0,0
imsbInfer,0,0,0
maigesPack,0,0,0
RODProt,0,0,0
dcGSA,0,0,0
DLBCL,0,0,0
MEAL,0,0,0
profileScoreDist,0,0,0
ASSIGN,0,0,0
TxDb.Athaliana.BioMart.plantsmart22,0,0,0
stepwiseCM,0,0,0
SomaticSignatures,0,0,0
genomation,0,0,0
chromDraw,0,0,0
dyebias,0,0,0
CNEr,0,0,0
DMRcate,0,0,0
clipper,0,0,0
accuracy,0,0,0
genomation,0,0,0
SpikeInSubset,0,0,0
portfolio.optim,0,0,0
glcoxph,0,0,0
KCsmart,0,0,0
DMRcate,0,0,0
efficientR,0,0,0
plethy,0,0,0
pRolocdata,0,0,0
HilbertCurve,0,0,0
ABAData,0,0,0
phyloseq,0,0,0
snpStats,0,0,0
mogene10sttranscriptcluster,0,0,0
dcGSA,0,0,0
DLBCL,0,0,0
BridgeDbR,0,0,0
csaw,0,0,0
CNVtools,0,0,0
CorMut,0,0,0
biomformat,0,0,0
baySeq,0,0,0
ASSIGN,0,0,0
motifbreakR,0,0,0
ExpressionAtlas,0,0,0
flowBin,0,0,0
gaucho,0,0,0
IlluminaHumanMethylationEPICanno.ilm10b2.hg19,0,0,0
ReQON,0,0,0
unifiedWMWqPCR,0,0,0
CorMut,0,0,0
get,0,0,0
portfolio.optim,0,0,0
KCsmart,0,0,0
CNVtools,0,0,0
unifiedWMWqPCR,0,0,0
ReQON,0,0,0
mclust02,0,0,0
get,0,0,0
CorMut,0,0,0
ASSIGN,0,0,0
annotationTools,0,0,0
AffyCompatible,0,0,0
dyebias,0,0,0
ChIPXpressData,0,0,0
BSgenome.Hsapiens.UCSC.hg18.masked,0,0,0
genomation,0,0,0
glcoxph,0,0,0
OCplus,0,0,0
pandaR,0,0,0
ppiStats,0,0,0
rpubmed,0,0,0
tidyshiny,0,0,0
tweeDEseq,0,0,0
pandaR,0,0,0
ppiStats,0,0,0
pvca,0,0,0
noamtools,0,0,0
RDCOMClient,0,0,0
flowMatch,0,0,0
opencpu.tools,0,0,0
accuracy,0,0,0
EDASeq,0,0,0
rpubmed,0,0,0
opencpu.tools,0,0,0
RNASeqGenie,0,0,0
EDASeq,0,0,0
frmaExampleData,0,0,0
GenomicRanges,0,0,0
metaseqR,0,0,0
flowBin,0,0,0
gaucho,0,0,0
IlluminaHumanMethylationEPICanno.ilm10b2.hg19,0,0,0
get,0,0,0
flowBin,0,0,0
gaucho,0,0,0
IlluminaHumanMethylationEPICanno.ilm10b2.hg19,0,0,0
get,0,0,0
methylMnM,0,0,0
moe430a.db,0,0,0
BSgenome.Drerio.UCSC.danRer7,0,0,0
compEpiTools,0,0,0
destiny,0,0,0
MeSHDbi,0,0,0
CellNOptR,0,0,0
FlowSOM,0,0,0
deepSNV,0,0,0
rnaturalearthhires,0,0,0
ShortRead,0,0,0
gaggle,0,0,0
clusterStab,0,0,0
cosmiq,0,0,0
hiAnnotator,0,0,0
IdMappingAnalysis,0,0,0
epivizrData,0,0,0
genphen,0,0,0
GeneBreak,0,0,0
cpvSNP,0,0,0
PREDAsampledata,0,0,0
Rchemcpp,0,0,0
tximportData,0,0,0
WES.1KG.WUGSC,0,0,0
rat2302.db,0,0,0
xtsExtra,0,0,0
Rchemcpp,0,0,0
tximportData,0,0,0
WES.1KG.WUGSC,0,0,0
human,0,0,0
rat2302.db,0,0,0
BSgenome.Rnorvegicus.UCSC.rn5,0,0,0
chipseq,0,0,0
metaCCA,0,0,0
multtest,0,0,0
org.Gg.eg.db,0,0,0
GEOmetadb,0,0,0
chipseq,0,0,0
rat2302.db,0,0,0
fastshp,0,0,0
GeneSelector,0,0,0
affylmGUI,0,0,0
multtest,0,0,0
org.Gg.eg.db,0,0,0
xtsExtra,0,0,0
catsplainr,0,0,0
logicFS,0,0,0
microRNA,0,0,0
methylMnM,0,0,0
MeSHDbi,0,0,0
iterator,0,0,0
happy,0,0,0
seqCNA.annot,0,0,0
naniar,0,0,0
PGA,0,0,0
dggrids,0,0,0
gtrellis,0,0,0
yeast2.db,0,0,0
reactome,0,0,0
triform,0,0,0
mmnet,0,0,0
MutableRanges,0,0,0
org.Xl.eg.db,0,0,0
cn.farms,0,0,0
rflow,0,0,0
rnltk,0,0,0
rflow,0,0,0
rnltk,0,0,0
cn.farms,0,0,0
GEOsearch,0,0,0
rClr,0,0,0
a4Base,0,0,0
snpMatrix,0,0,0
OmicsMarkeR,0,0,0
CopyNumber450k,0,0,0
arrayQuality,0,0,0
arrayQuality,0,0,0
ANTsRCore,0,0,0
ChAMP,0,0,0
biocViews,0,0,0
BeadDataPackR,0,0,0
GenomicFeatures,0,0,0
PGSEA,0,0,0
SMITE,0,0,0
spliceSites,0,0,0
genArise,0,0,0
Rsubread,0,0,0
MEFM,0,0,0
rmote,0,0,0
LPE,0,0,0
sscore,0,0,0
QuantLib,0,0,0
COPDSexualDimorphism.data,0,0,0
CMA,0,0,0
happy,0,0,0
gtrellis,0,0,0
CellNOptR,0,0,0
clusterStab,0,0,0
PGSEA,0,0,0
MEFM,0,0,0
tidygenomics,0,0,0
rankreg,0,0,0
RImmPort,0,0,0
RUVSeq,0,0,0
SemDist,0,0,0
VisualResume,0,0,0
GeneBreak,0,0,0
rankreg,0,0,0
mapmate,0,0,0
RImmPort,0,0,0
RUVSeq,0,0,0
SemDist,0,0,0
xmapbridge,0,0,0
proteoQC,0,0,0
macat,0,0,0
cpvSNP,0,0,0
miRNApath,0,0,0
reactome,0,0,0
rflow,0,0,0
rnltk,0,0,0
a4Base,0,0,0
rClr,0,0,0
dagdata,0,0,0
cosmiq,0,0,0
chipseq,0,0,0
catsplainr,0,0,0
dagdata,0,0,0
cosmiq,0,0,0
affylmGUI,0,0,0
goProfiles,0,0,0
logicFS,0,0,0
CountClust,0,0,0
codetoolsBioC,0,0,0
CALIB,0,0,0
snowplowtcomodel,0,0,0
cleanUpdTSeq,0,0,0
leukemiasEset,0,0,0
made4,0,0,0
MeSH.Bsu.168.eg.db,0,0,0
NOISeq,0,0,0
hgug4112a.db,0,0,0
proBAMr,0,0,0
COHCAP,0,0,0
CountClust,0,0,0
addinexamples,0,0,0
CFAssay,0,0,0
SPSStoR,0,0,0
timecourse,0,0,0
TxDb.Hsapiens.UCSC.hg38.knownGene,0,0,0
rpartOrdinal,0,0,0
slopegraph,0,0,0
vsn,0,0,0
pd.hugene.1.0.st.v1,0,0,0
TCC,0,0,0
treemapify,0,0,0
Vega,0,0,0
org.Cf.eg.db,0,0,0
pd.hugene.1.0.st.v1,0,0,0
pkgsnap,0,0,0
scholarnetwork,0,0,0
tofsims,0,0,0
blogdown,0,0,0
CountClust,0,0,0
dbplyr,0,0,0
msProstate,0,0,0
codetoolsBioC,0,0,0
addinexamples,0,0,0
SeqArray,0,0,0
Mfuzz,0,0,0
monocle,0,0,0
customProDB,0,0,0
Rattus,0,0,0
yaqcaffy,0,0,0
CFAssay,0,0,0
metagene,0,0,0
muS2RC,0,0,0
monocle,0,0,0
customProDB,0,0,0
yaqcaffy,0,0,0
metagene,0,0,0
muS2RC,0,0,0
org.Pt.eg.db,0,0,0
CFAssay,0,0,0
bmm,0,0,0
RCytoscape,0,0,0
RSVSim,0,0,0
siggenes,0,0,0
TxDb.Hsapiens.UCSC.hg38.knownGene,0,0,0
vsn,0,0,0
treemapify,0,0,0
Vega,0,0,0
COHCAP,0,0,0
tofsims,0,0,0
EGAD,0,0,0
CHRONOS,0,0,0
HybridMTest,0,0,0
breastCancerVDX,0,0,0
CGHregions,0,0,0
CNORode,0,0,0
annmap,0,0,0
ALL,0,0,0
wavClusteR,0,0,0
genomes,0,0,0
GO,0,0,0
HybridMTest,0,0,0
rhub,0,0,0
rols,0,0,0
triple-s,0,0,0
XBSeq,0,0,0
SIMAT,0,0,0
staticdocs,0,0,0
VanillaICE,0,0,0
NCIgraph,0,0,0
HTSeqGenieBase,0,0,0
inSilicoDb,0,0,0
MethylAid,0,0,0
anomalousACM,0,0,0
alpine,0,0,0
Affyhgu133A2Expr,0,0,0
genomes,0,0,0
GO,0,0,0
HybridMTest,0,0,0
forbesListR,0,0,0
Glimma,0,0,0
Guitar,0,0,0
EGAD,0,0,0
beadarray,0,0,0
BayesPeak,0,0,0
anomalousACM,0,0,0
alpine,0,0,0
Affyhgu133A2Expr,0,0,0
dict,0,0,0
genoset,0,0,0
hypergraph,0,0,0
RSVSim,0,0,0
VariantAnnotation,0,0,0
Uniquorn,0,0,0
heatmap,0,0,0
logitT,0,0,0
geneRecommender,0,0,0
HuExExonProbesetLocation,0,0,0
intansv,0,0,0
km,0,0,0
PAA,0,0,0
hom.Hs.inp.db,0,0,0
org.Cf.eg.db,0,0,0
Rqc,0,0,0
sagenhaft,0,0,0
sevenbridges,0,0,0
twidlr,0,0,0
NCIgraph,0,0,0
strptimer,0,0,0
HTSeqGenieBase,0,0,0
inSilicoDb,0,0,0
MethylAid,0,0,0
npRmpi,0,0,0
DiffLogo,0,0,0
HTSeqGenieBase,0,0,0
DSS,0,0,0
inSilicoDb,0,0,0
MethylAid,0,0,0
flowQB,0,0,0
gh,0,0,0
domainsignatures,0,0,0
leukemiasEset,0,0,0
made4,0,0,0
codetoolsBioC,0,0,0
leukemiasEset,0,0,0
made4,0,0,0
MeSH.Bsu.168.eg.db,0,0,0
NOISeq,0,0,0
rae230a.db,0,0,0
RnaSeqTutorial,0,0,0
casper,0,0,0
proBAMr,0,0,0
TxDb.Celegans.UCSC.ce6.ensGene,0,0,0
MBCB,0,0,0
OGSA,0,0,0
remake,0,0,0
TxDb.Celegans.UCSC.ce6.ensGene,0,0,0
mogene10sttranscriptcluster.db,0,0,0
recoup,0,0,0
BSgenome.Hsapiens.UCSC.hg19,0,0,0
slidify,0,0,0
HOF,0,0,0
MafDb.ESP6500SI.V2.SSA137.dbSNP138,0,0,0
BSgenome.Hsapiens.UCSC.hg19,0,0,0
DOSE,0,0,0
org,0,0,0
pd.genomewidesnp.6,0,0,0
ELMER.data,0,0,0
taxstats,0,0,0
flowUtils,0,0,0
HOF,0,0,0
boxes,0,0,0
pathVar,0,0,0
MLSeq,0,0,0
org,0,0,0
pd.genomewidesnp.6,0,0,0
DART,0,0,0
LBE,0,0,0
pathVar,0,0,0
compute,0,0,0
AIMS,0,0,0
pkgDepTools,0,0,0
processx,0,0,0
mirbase,0,0,0
ABAEnrichment,0,0,0
SGSeq,0,0,0
SNPlocs.Hsapiens.dbSNP.20101109,0,0,0
CAMERA,0,0,0
DART,0,0,0
HELP,0,0,0
parathyroidSE,0,0,0
RchyOptimyx,0,0,0
smappR,0,0,0
mirbase,0,0,0
easyRNASeq,0,0,0
BSgenome.Hsapiens.UCSC.hg19,0,0,0
boxes,0,0,0
DOSE,0,0,0
ELMER.data,0,0,0
flowUtils,0,0,0
EWCE,0,0,0
BAGS,0,0,0
affycompData,0,0,0
smappR,0,0,0
subSeq,0,0,0
TFBSTools,0,0,0
MMDiff,0,0,0
org.MeSH.Hsa.db,0,0,0
imudata,0,0,0
sparsity,0,0,0
MEALData,0,0,0
iWidgets,0,0,0
Rffi,0,0,0
iWidgets,0,0,0
MEALData,0,0,0
coxKM,0,0,0
BCRANK,0,0,0
HELP,0,0,0
GeneticsDesign,0,0,0
haplo.score,0,0,0
gdoc,0,0,0
githug,0,0,0
rPlotter,0,0,0
Roleswitch,0,0,0
HilbertVis,0,0,0
IHW,0,0,0
JASPAR2014,0,0,0
lumiHumanIDMapping,0,0,0
MEDIPS,0,0,0
pRolocGUI,0,0,0
coxKM,0,0,0
ddgraph,0,0,0
BCRANK,0,0,0
lumiHumanIDMapping,0,0,0
MEDIPS,0,0,0
TPP,0,0,0
pRolocGUI,0,0,0
cyphr,0,0,0
minionSummaryData,0,0,0
TIN,0,0,0
netintel,0,0,0
OncoSimulR,0,0,0
parody,0,0,0
frmaTools,0,0,0
MotifDb,0,0,0
BAGS,0,0,0
glmer2stan,0,0,0
MVisAGe,0,0,0
PuffR,0,0,0
spade,0,0,0
flowcatchR,0,0,0
LymphoSeq,0,0,0
illuminaHumanv1,0,0,0
drosgenome1,0,0,0
glmer2stan,0,0,0
illuminaHumanv1,0,0,0
LymphoSeq,0,0,0
pcaGoPromoter.Rn.rn4,0,0,0
plotflow,0,0,0
ExpressionView,0,0,0
flowcatchR,0,0,0
spade,0,0,0
hgu133a,0,0,0
org,0,0,0
pd.genomewidesnp.6,0,0,0
pathVar,0,0,0
pkgDepTools,0,0,0
processx,0,0,0
AIMS,0,0,0
HDF5Array,0,0,0
ior,0,0,0
tweeDEseqCountData,0,0,0
webbioc,0,0,0
PuffR,0,0,0
pcaGoPromoter.Rn.rn4,0,0,0
plotflow,0,0,0
HDF5Array,0,0,0
ior,0,0,0
genefilter,0,0,0
gWidgetsWWW2,0,0,0
InPAS,0,0,0
flowMeans,0,0,0
ggthemr,0,0,0
ncdfFlow,0,0,0
phenoDist,0,0,0
Rcampdf,0,0,0
InPAS,0,0,0
rVega,0,0,0
testdat,0,0,0
ctc,0,0,0
tRanslatome,0,0,0
flowMeans,0,0,0
les,0,0,0
FDb,0,0,0
frmaTools,0,0,0
derfinderPlot,0,0,0
drosgenome1,0,0,0
ExpressionView,0,0,0
flowcatchR,0,0,0
coRNAi,0,0,0
diseasemappingDevel,0,0,0
rqubic,0,0,0
samatha,0,0,0
survival5,0,0,0
neaGUI,0,0,0
PANR,0,0,0
PolyPhen,0,0,0
PWMEnrich.Hsapiens.background,0,0,0
roxygen3,0,0,0
SpeCond,0,0,0
methylPipe,0,0,0
testwhat,0,0,0
GeneOverlap,0,0,0
meshr,0,0,0
FlowSorted,0,0,0
gCMAP,0,0,0
LazyList,0,0,0
edge,0,0,0
gaia,0,0,0
ACME,0,0,0
PathNet,0,0,0
HIBAG,0,0,0
IdMappingRetrieval,0,0,0
ACME,0,0,0
edge,0,0,0
gaia,0,0,0
HIBAG,0,0,0
bumphunter,0,0,0
cqn,0,0,0
decumar,0,0,0
IRanges,0,0,0
lol,0,0,0
oligoData,0,0,0
human.db0,0,0,0
lmdme,0,0,0
monads,0,0,0
BSgenome.Rnorvegicus.UCSC.rn5.masked,0,0,0
ChIPseqR,0,0,0
org.Hs.eg.db,0,0,0
pdf2,0,0,0
rODE,0,0,0
sciClone,0,0,0
FRGEpistasis,0,0,0
GSVA,0,0,0
sciClone,0,0,0
bamsignals,0,0,0
AnnotationHub,0,0,0
doppelgangR,0,0,0
ACME,0,0,0
ENVISIONQuery,0,0,0
SpidermiR,0,0,0
GMRP,0,0,0
happy.hbrem,0,0,0
agilp,0,0,0
trigger,0,0,0
yeastCC,0,0,0
geeni,0,0,0
OrganismDbi,0,0,0
systemPipeR,0,0,0
a4Classif,0,0,0
CancerMutationAnalysis,0,0,0
iCARE,0,0,0
parglms,0,0,0
dexus,0,0,0
RPostgres,0,0,0
S4Vectors,0,0,0
seqTools,0,0,0
SplicingGraphs,0,0,0
RiboProfiling,0,0,0
ruigi,0,0,0
r4ds,0,0,0
trackViewer,0,0,0
savR,0,0,0
survival5,0,0,0
roxygen3,0,0,0
SpeCond,0,0,0
testwhat,0,0,0
ChAMPdata,0,0,0
ALDEx2,0,0,0
bumphunter,0,0,0
FRGEpistasis,0,0,0
GenomicFiles,0,0,0
DriverNet,0,0,0
EGSEA,0,0,0
trackViewer,0,0,0
cnvGSA,0,0,0
debrowser,0,0,0
r4ds,0,0,0
IlluminaHumanMethylation450kanno,0,0,0
ShinyDash,0,0,0
ecolicdf,0,0,0
sscu,0,0,0
TitanCNA,0,0,0
bcmaps,0,0,0
survcomp,0,0,0
tidygraph,0,0,0
polmineR.sampleCorpus,0,0,0
skewr,0,0,0
STRINGdb,0,0,0
ProtGenerics,0,0,0
rTANDEM,0,0,0
stattleshipR,0,0,0
PING,0,0,0
tidygraph,0,0,0
epivizrServer,0,0,0
GenRank,0,0,0
goodpractice,0,0,0
skewr,0,0,0
STRINGdb,0,0,0
polmineR.sampleCorpus,0,0,0
rTANDEM,0,0,0
stattleshipR,0,0,0
decumar,0,0,0
stattleshipR,0,0,0
decumar,0,0,0
cqn,0,0,0
flowFit,0,0,0
imageHTS,0,0,0
RNAseq,0,0,0
SwimR,0,0,0
tm.lexicon.GeneralInquirer,0,0,0
FindMyFriends,0,0,0
hgu133plus2cdf,0,0,0
gCMAP,0,0,0
edge,0,0,0
gaia,0,0,0
CancerMutationAnalysis,0,0,0
bumphunter,0,0,0
illuminaio,0,0,0
mirIntegrator,0,0,0
hgu133aprobe,0,0,0
iCOBRA,0,0,0
erma,0,0,0
corpus.useR.2008.abstracts,0,0,0
hgu133aprobe,0,0,0
iCOBRA,0,0,0
cleaver,0,0,0
copa,0,0,0
BSgenome.Mmusculus.UCSC.mm8.masked,0,0,0
COHCAPanno,0,0,0
AnomalyDetection,0,0,0
prebsdata,0,0,0
rCGH,0,0,0
AnomalyDetection,0,0,0
RWebServices,0,0,0
alpineData,0,0,0
facopy,0,0,0
hom.Mm.inp.db,0,0,0
org.Dm.eg.db,0,0,0
pd.mapping250k.nsp,0,0,0
plw,0,0,0
rama,0,0,0
Affyhgu133aExpr,0,0,0
pd.mapping250k.nsp,0,0,0
SICtools,0,0,0
tofsimsData,0,0,0
gmmExtra,0,0,0
gtexWbl,0,0,0
copa,0,0,0
COHCAPanno,0,0,0
Rattus.norvegicus,0,0,0
seqbias,0,0,0
DupChecker,0,0,0
pnea,0,0,0
metagenomeFeatures,0,0,0
Rniftilib,0,0,0
bcellViper,0,0,0
ArrayExpress,0,0,0
AnomalyDetection,0,0,0
alpineData,0,0,0
Affyhgu133aExpr,0,0,0
BSgenome.Athaliana.TAIR.TAIR9,0,0,0
charm,0,0,0
annotables,0,0,0
aCGH,0,0,0
charm,0,0,0
genomewidesnp5Crlmm,0,0,0
GO.db,0,0,0
mgug4104a,0,0,0
spkTools,0,0,0
KEGG,0,0,0
explainr,0,0,0
Illumina450ProbeVariants,0,0,0
DupChecker,0,0,0
gmmExtra,0,0,0
gtexWbl,0,0,0
regionReport,0,0,0
seqPattern,0,0,0
spkTools,0,0,0
ReadImages,0,0,0
RHugin,0,0,0
R3CPET,0,0,0
xcms,0,0,0
seqPattern,0,0,0
spkTools,0,0,0
RHugin,0,0,0
xcms,0,0,0
corpus.useR.2008.abstracts,0,0,0
COMPASS,0,0,0
cellGrowth,0,0,0
CODEX,0,0,0
genomewidesnp5Crlmm,0,0,0
GO.db,0,0,0
genotypeeval,0,0,0
phastCons100way,0,0,0
reb,0,0,0
DrugVsDisease,0,0,0
BicARE,0,0,0
GENE.E,0,0,0
charm,0,0,0
spams,0,0,0
proteinProfiles,0,0,0
VariantFiltering,0,0,0
explainr,0,0,0
ethr,0,0,0
TurboNorm,0,0,0
gQTLseq,0,0,0
reb,0,0,0
similaRpeak,0,0,0
spams,0,0,0
VariantFiltering,0,0,0
ArrayExpress,0,0,0
phastCons100way,0,0,0
beadarrayExampleData,0,0,0
twilight,0,0,0
pqsfinder,0,0,0
GeneMeta,0,0,0
htSeqTools,0,0,0
inSilicoMerging,0,0,0
maqcExpression4plex,0,0,0
MethylAidData,0,0,0
pepXMLTab,0,0,0
MeSH.db,0,0,0
pepXMLTab,0,0,0
MeSH.db,0,0,0
PCpheno,0,0,0
rae230aprobe,0,0,0
RTCGA.PANCAN12,0,0,0
aCGH,0,0,0
wordcountaddin,0,0,0
nflscrapR,0,0,0
drosgenome1.db,0,0,0
gwascat,0,0,0
chimera,0,0,0
BiocCheck,0,0,0
SeqVarTools,0,0,0
SplitR,0,0,0
supraHex,0,0,0
waveTilingData,0,0,0
gwascat,0,0,0
linen,0,0,0
runr,0,0,0
Streamer,0,0,0
synapter,0,0,0
Harshlight,0,0,0
GUIDEseq,0,0,0
metaMS,0,0,0
nothing,0,0,0
HilbertVisGUI,0,0,0
JASPAR2016,0,0,0
LEA,0,0,0
MEDIPSData,0,0,0
nls,0,0,0
GSEAlm,0,0,0
Imetagene,0,0,0
hgu95av2.db,0,0,0
Biostrings,0,0,0
betr,0,0,0
BRAIN,0,0,0
aroma.light,0,0,0
netbiov,0,0,0
RRHO,0,0,0
climdex,0,0,0
ABarray,0,0,0
SNPlocs.Hsapiens.dbSNP.20110815,0,0,0
netbiov,0,0,0
GEOquery,0,0,0
RRHO,0,0,0
climdex,0,0,0
N2H4,0,0,0
GeneticsPed,0,0,0
MMDiff2,0,0,0
normalize450K,0,0,0
Biostrings,0,0,0
MBttest,0,0,0
minet,0,0,0
netbiov,0,0,0
climdex,0,0,0
N2H4,0,0,0
betr,0,0,0
MMDiff2,0,0,0
normalize450K,0,0,0
org.MeSH.Syn.db,0,0,0
sigaR,0,0,0
DEGreport,0,0,0
wateRmelon,0,0,0
GenomeGraphs,0,0,0
Harshlight,0,0,0
QDNAseq,0,0,0
seqLogo,0,0,0
ChromHeatMap,0,0,0
videoplayR,0,0,0
FamAgg,0,0,0
DEGreport,0,0,0
flowViz,0,0,0
gcrma,0,0,0
ggbiplot,0,0,0
ITKR,0,0,0
ChromHeatMap,0,0,0
breastCancerNKI,0,0,0
CGHcall,0,0,0
canvas,0,0,0
wateRmelon,0,0,0
JASPAR2016,0,0,0
LEA,0,0,0
MEDIPSData,0,0,0
nls,0,0,0
STATegRa,0,0,0
PROMISE,0,0,0
ExperimentHub,0,0,0
parr,0,0,0
SVM2CRM,0,0,0
GenomicTuples,0,0,0
motifRG,0,0,0
Oscope,0,0,0
mirbase.db,0,0,0
BioMVCClass,0,0,0
FamAgg,0,0,0
DMRforPairs,0,0,0
ExperimentHub,0,0,0
PharmacoGx,0,0,0
RBM,0,0,0
waveTilingData,0,0,0
GEOquery,0,0,0
GeneticsPed,0,0,0
humanStemCell,0,0,0
interactivity,0,0,0
BRAIN,0,0,0
circleplot,0,0,0
motifRG,0,0,0
PharmacoGx,0,0,0
BiocCheck,0,0,0
linen,0,0,0
Oscope,0,0,0
realized,0,0,0
runr,0,0,0
flowCHIC,0,0,0
statoo,0,0,0
rGADEM,0,0,0
shinyga,0,0,0
mirbase.db,0,0,0
tkWidgets,0,0,0
UniProt,0,0,0
quantro,0,0,0
sbgr,0,0,0
GSEAlm,0,0,0
Imetagene,0,0,0
hgu95av2.db,0,0,0
BiocCheck,0,0,0
circleplot,0,0,0
aroma.light,0,0,0
animint,0,0,0
FEAR,0,0,0
TargetSearch,0,0,0
XMLRPC,0,0,0
gwascat,0,0,0
linen,0,0,0
illuminaHumanv1.db,0,0,0
hgu133a.db,0,0,0
iCheck,0,0,0
IsoGeneGUI,0,0,0
FEAR,0,0,0
MethTargetedNGS,0,0,0
TargetSearch,0,0,0
OrderedList,0,0,0
XMLRPC,0,0,0
PLPE,0,0,0
RTCGA.CNV,0,0,0
hgu95av2.db,0,0,0
MSGFgui,0,0,0
Prize,0,0,0
BadRegionFinder,0,0,0
bioDist,0,0,0
biomaRt,0,0,0
CAFE,0,0,0
snippr,0,0,0
sprintfr,0,0,0
MBAmethyl,0,0,0
globalSeq,0,0,0
BSgenome.Hsapiens.1000genomes.hs37d5,0,0,0
MethylSeekR,0,0,0
FlowSorted.Blood.450k,0,0,0
gCMAPWeb,0,0,0
PolyPhen.Hsapiens.dbSNP131,0,0,0
PWMEnrich.Mmusculus.background,0,0,0
BSgenome.Hsapiens.1000genomes.hs37d5,0,0,0
MethylSeekR,0,0,0
MoExExonProbesetLocation,0,0,0
DEFormats,0,0,0
Dopt,0,0,0
xps,0,0,0
jpndistrict,0,0,0
MafDb,0,0,0
FlowSorted.Blood.450k,0,0,0
gCMAPWeb,0,0,0
cellTree,0,0,0
MeSHSim,0,0,0
gganimate,0,0,0
Category,0,0,0
NGScopy,0,0,0
PathNetData,0,0,0
BSgenome.Scerevisiae.UCSC.sacCer2,0,0,0
CopyNumber450kData,0,0,0
BadRegionFinder,0,0,0
D3TableFilter,0,0,0
epivizrStandalone,0,0,0
ArrayTools,0,0,0
ENCODExplorer,0,0,0
DEDS,0,0,0
DataTaipei,0,0,0
TypeInfo,0,0,0
HEEBOdata,0,0,0
predcomps,0,0,0
PanVizGenerator,0,0,0
prairie,0,0,0
QRMlib,0,0,0
MethylSeekR,0,0,0
MoExExonProbesetLocation,0,0,0
PolyPhen.Hsapiens.dbSNP131,0,0,0
PWMEnrich.Mmusculus.background,0,0,0
jpndistrict,0,0,0
MafDb,0,0,0
MeSHSim,0,0,0
org.Hs.ipi.db,0,0,0
GSVAdata,0,0,0
fmcsR,0,0,0
CatterPlots,0,0,0
ToPASeq,0,0,0
OPIOctopus900,0,0,0
Pbase,0,0,0
synergyfinder,0,0,0
BAC,0,0,0
aroma,0,0,0
podkat,0,0,0
bgafun,0,0,0
AgiMicroRna,0,0,0
ReactomePA,0,0,0
rTRMui,0,0,0
Mulcom,0,0,0
jammr,0,0,0
lumi,0,0,0
parimport,0,0,0
CopyNumber450kData,0,0,0
fCalendar,0,0,0
NanoStringDiff,0,0,0
LMGene,0,0,0
bgafun,0,0,0
yeastExpData,0,0,0
podkat,0,0,0
AgiMicroRna,0,0,0
rTRMui,0,0,0
ReactomePA,0,0,0
Mulcom,0,0,0
parimport,0,0,0
a4Core,0,0,0
RmiR,0,0,0
CopyNumber450kData,0,0,0
BioSeqClass,0,0,0
BrowserViz,0,0,0
GenomicInteractions,0,0,0
AnalysisPageServer,0,0,0
rkward,0,0,0
mosaics,0,0,0
a4Core,0,0,0
GenomicInteractions,0,0,0
mosaics,0,0,0
ReadqPCR,0,0,0
riboSeqR,0,0,0
genbankr,0,0,0
influxdbr,0,0,0
KEGGREST,0,0,0
manta,0,0,0
pcaExplorer,0,0,0
MiPP,0,0,0
ArrayTools,0,0,0
isobar,0,0,0
DAPARdata,0,0,0
BioSeqClass,0,0,0
curatedOvarianData,0,0,0
GENESIS,0,0,0
fmcsR,0,0,0
ConsensusClusterPlus,0,0,0
AnnotationHubData,0,0,0
googleanalytics4r,0,0,0
ConsensusClusterPlus,0,0,0
D3TableFilter,0,0,0
MiChip,0,0,0
BrowserViz,0,0,0
ENCODExplorer,0,0,0
Linnorm,0,0,0
pvac,0,0,0
vit,0,0,0
flowFitExampleData,0,0,0
nnNorm,0,0,0
rgdal2,0,0,0
flowFitExampleData,0,0,0
targetscan,0,0,0
ggtech,0,0,0
GSBenchMark,0,0,0
QUBIC,0,0,0
rnaseqcomp,0,0,0
shinyStore,0,0,0
SSOAP,0,0,0
Mulcom,0,0,0
parimport,0,0,0
cellTree,0,0,0
Category,0,0,0
Affymoe4302Expr,0,0,0
